  Sent.                        Matched  Bracket   Cross        Correct Tag
 ID  Len.  Stat. Recal  Prec.  Bracket gold test Bracket Words  Tags Accracy
============================================================================
   1    2    0  100.00 100.00     2      2    2      0      2     1    50.00
   2    4    0  100.00 100.00     5      5    5      0      4     4   100.00
   3   72    0   87.67  87.67    64     73   73      8     72    72   100.00
   4   16    0   87.50  87.50    14     16   16      1     16    16   100.00
   5   25    0  100.00 100.00    30     30   30      0     25    25   100.00
   6   16    0  100.00 100.00    17     17   17      0     16    16   100.00
   7   19    0   94.74 100.00    18     19   18      0     19    19   100.00
   8   39    0   86.21  86.21    25     29   29      4     39    39   100.00
   9   17    0   94.12  94.12    16     17   17      0     17    17   100.00
  10   18    0   93.33  93.33    14     15   15      0     18    16    88.89
  11   51    0   93.88  90.20    46     49   51      0     51    49    96.08
  12   23    0   95.24 100.00    20     21   20      0     23    23   100.00
  13   10    0  100.00 100.00    10     10   10      0     10    10   100.00
  14   27    0  100.00  90.48    19     19   21      0     27    26    96.30
  15   20    0  100.00 100.00    15     15   15      0     20    17    85.00
  16   18    0   85.71  85.71    12     14   14      1     18    16    88.89
  17   27    0  100.00 100.00    27     27   27      0     27    27   100.00
  18   21    0  100.00 100.00    18     18   18      0     21    21   100.00
  19    5    0  100.00 100.00     6      6    6      0      5     5   100.00
  20   27    0   91.67  88.00    22     24   25      1     27    25    92.59
  21   19    0  100.00  94.12    16     16   17      0     19    19   100.00
  22   33    0   92.86  96.30    26     28   27      0     33    30    90.91
  23    7    0  100.00 100.00     7      7    7      0      7     7   100.00
  24   35    0   93.33  90.32    28     30   31      0     35    35   100.00
  25   21    0   85.00  80.95    17     20   21      0     21    21   100.00
  26   16    0  100.00 100.00    15     15   15      0     16    16   100.00
  27    5    0  100.00 100.00     5      5    5      0      5     5   100.00
  28   10    0  100.00 100.00     8      8    8      0     10    10   100.00
  29   16    0  100.00  84.62    11     11   13      0     16    16   100.00
  30   24    0   90.00  90.00    18     20   20      0     24    23    95.83
  31   10    0   90.00  90.00     9     10   10      0     10     9    90.00
  32   11    0  100.00 100.00     9      9    9      0     11    10    90.91
  33   13    0   90.00  90.00     9     10   10      0     13    13   100.00
  34   20    0  100.00 100.00    18     18   18      0     20    20   100.00
  35   15    0  100.00 100.00    13     13   13      0     15    15   100.00
  36   21    0  100.00 100.00    15     15   15      0     21    21   100.00
  37   14    0  100.00 100.00    13     13   13      0     14    14   100.00
  38   19    0  100.00 100.00    19     19   19      0     19    19   100.00
  39    7    0  100.00 100.00     7      7    7      0      7     7   100.00
  40    7    0  100.00 100.00     9      9    9      0      7     7   100.00
  41    6    0  100.00 100.00     8      8    8      0      6     6   100.00
  42   15    0  100.00  93.75    15     15   16      0     15    14    93.33
  43   17    0  100.00 100.00    20     20   20      0     17    17   100.00
  44    9    0  100.00 100.00     8      8    8      0      9     9   100.00
  45   11    0  100.00 100.00     9      9    9      0     11    11   100.00
  46   17    0   92.31 100.00    12     13   12      0     17    16    94.12
  47    6    0  100.00 100.00     8      8    8      0      6     6   100.00
  48   14    0   85.71  85.71    12     14   14      0     14    13    92.86
  49    7    0  100.00 100.00     8      8    8      0      7     7   100.00
  50   22    0   84.21  84.21    16     19   19      2     22    20    90.91
  51   17    0  100.00 100.00    13     13   13      0     17    17   100.00
  52   13    0  100.00 100.00    12     12   12      0     13    13   100.00
  53    8    0  100.00 100.00    10     10   10      0      8     8   100.00
  54   20    0  100.00  95.00    19     19   20      0     20    20   100.00
  55   11    0  100.00 100.00    11     11   11      0     11    11   100.00
  56   19    0   80.00  84.21    16     20   19      0     19    17    89.47
  57   38    0   86.49  84.21    32     37   38      1     38    37    97.37
  58    6    0  100.00 100.00     5      5    5      0      6     5    83.33
  59    3    0  100.00 100.00     3      3    3      0      3     3   100.00
  60   12    0   90.00  90.00     9     10   10      0     12    12   100.00
  61    9    0  100.00 100.00     7      7    7      0      9     9   100.00
  62   20    0  100.00 100.00    17     17   17      0     20    20   100.00
  63   27    0   95.45  95.45    21     22   22      0     27    26    96.30
  64    5    0  100.00 100.00     5      5    5      0      5     5   100.00
  65    9    0  100.00 100.00     8      8    8      0      9     9   100.00
  66   35    0   88.89  85.71    24     27   28      1     35    34    97.14
  67    5    0  100.00 100.00     5      5    5      0      5     4    80.00
  68   10    0  100.00 100.00    14     14   14      0     10    10   100.00
  69   24    0  100.00  89.47    17     17   19      0     24    23    95.83
  70   20    0   88.89 100.00    16     18   16      0     20    19    95.00
  71   26    0   95.45  91.30    21     22   23      0     24    24   100.00
  72   21    0   88.24  93.75    15     17   16      0     19    19   100.00
  73   25    0  100.00  87.50    21     21   24      0     25    24    96.00
  74   42    0   83.78  88.57    31     37   35      3     42    42   100.00
  75   20    0   80.00  70.59    12     15   17      1     20    18    90.00
  76   11    0   87.50  87.50     7      8    8      0     11    11   100.00
  77   13    0  100.00 100.00    11     11   11      0     13    13   100.00
  78   18    0   93.75  93.75    15     16   16      0     16    16   100.00
  79   14    0   75.00  85.71     6      8    7      1     12    12   100.00
  80   12    0  100.00 100.00     9      9    9      0     10    10   100.00
  81   21    0  100.00 100.00    18     18   18      0     21    21   100.00
  82   15    0   84.21  84.21    16     19   19      1     15    15   100.00
  83   16    0  100.00 100.00    16     16   16      0     14    14   100.00
  84   15    0  100.00  92.31    12     12   13      0     13    12    92.31
  85    7    0  100.00 100.00     5      5    5      0      5     5   100.00
  86   15    0  100.00 100.00    11     11   11      0     15    15   100.00
  87   10    0  100.00 100.00     8      8    8      0     10    10   100.00
  88   13    0  100.00 100.00    10     10   10      0     13    12    92.31
  89   15    0  100.00 100.00    14     14   14      0     13    13   100.00
  90   18    0   83.33  83.33    10     12   12      0     16    16   100.00
  91    8    0  100.00 100.00     7      7    7      0      8     8   100.00
  92   29    0   80.95  80.95    17     21   21      1     29    29   100.00
  93   10    0  100.00 100.00    10     10   10      0     10    10   100.00
  94    5    0  100.00 100.00     5      5    5      0      5     5   100.00
  95    8    0  100.00 100.00    12     12   12      0      8     8   100.00
  96   16    0   83.33  83.33    15     18   18      0     16    16   100.00
  97    9    0  100.00 100.00    10     10   10      0      9     9   100.00
  98   19    0   76.47  72.22    13     17   18      2     19    18    94.74
  99   18    0   88.24  88.24    15     17   17      0     18    17    94.44
 100    9    0  100.00 100.00     7      7    7      0      9     8    88.89
 101    7    0  100.00 100.00     5      5    5      0      5     5   100.00
 102   13    0  100.00 100.00    12     12   12      0     12    12   100.00
 103    7    0  100.00 100.00     5      5    5      0      6     6   100.00
 104   14    0   92.86  92.86    13     14   14      0     13    11    84.62
 105    4    0   50.00  50.00     1      2    2      0      3     3   100.00
 106   10    0  100.00 100.00     7      7    7      0     10    10   100.00
 107   10    0  100.00 100.00     8      8    8      0     10    10   100.00
 108    4    0   50.00  50.00     2      4    4      0      3     3   100.00
 109    5    0  100.00 100.00     5      5    5      0      4     4   100.00
 110   12    0  100.00 100.00     9      9    9      0     10     9    90.00
 111   15    0   75.00  69.23     9     12   13      1     13    11    84.62
 112    7    0  100.00 100.00     6      6    6      0      7     7   100.00
 113   33    0   91.67  91.67    22     24   24      1     33    33   100.00
 114   12    0  100.00 100.00     9      9    9      0     12    11    91.67
 115   11    0   75.00  75.00     6      8    8      0      9     9   100.00
 116   11    0  100.00 100.00     7      7    7      0      9     9   100.00
 117    5    0   50.00  50.00     1      2    2      0      3     3   100.00
 118   11    0   88.89  88.89     8      9    9      0      9     9   100.00
 119    6    0   50.00  50.00     2      4    4      0      5     4    80.00
 120    7    0  100.00 100.00     5      5    5      0      6     6   100.00
 121    9    0  100.00 100.00     6      6    6      0      7     7   100.00
 122    9    0  100.00 100.00     8      8    8      0      8     8   100.00
 123    5    0  100.00 100.00     5      5    5      0      5     5   100.00
 124    6    0  100.00 100.00     5      5    5      0      5     5   100.00
 125    5    0  100.00 100.00     2      2    2      0      3     3   100.00
 126   55    0   94.12  97.96    48     51   49      0     55    55   100.00
 127   31    0   86.21  83.33    25     29   30      2     31    31   100.00
 128   19    0  100.00 100.00    17     17   17      0     19    19   100.00
 129   34    0  100.00 100.00    25     25   25      0     34    33    97.06
 130    8    0  100.00 100.00    10     10   10      0      8     8   100.00
 131   25    0  100.00 100.00    22     22   22      0     25    25   100.00
 132   33    0   96.88  96.88    31     32   32      0     33    33   100.00
 133   22    0  100.00 100.00    19     19   19      0     22    22   100.00
 134   18    0  100.00 100.00    13     13   13      0     18    18   100.00
 135   17    0  100.00 100.00    15     15   15      0     17    17   100.00
 136   12    0  100.00 100.00    14     14   14      0     12    12   100.00
 137   24    0  100.00 100.00    30     30   30      0     24    24   100.00
 138   31    0   96.67  96.67    29     30   30      0     31    31   100.00
 139    8    0  100.00 100.00     6      6    6      0      8     8   100.00
 140   23    0   95.00 100.00    19     20   19      0     23    23   100.00
 141   29    0  100.00  96.30    26     26   27      0     29    29   100.00
 142   16    0   94.74  90.00    18     19   20      0     16    16   100.00
 143   13    0  100.00 100.00    11     11   11      0     13    13   100.00
 144   32    0   86.36  90.48    19     22   21      1     32    32   100.00
 145   22    0   77.27  80.95    17     22   21      3     22    22   100.00
 146   29    0  100.00  96.55    28     28   29      0     29    29   100.00
 147   27    0  100.00  95.65    22     22   23      0     27    24    88.89
 148   17    0   86.67  92.86    13     15   14      1     17    17   100.00
 149   32    0  100.00 100.00    29     29   29      0     32    32   100.00
 150   17    0   94.12  94.12    16     17   17      0     17    17   100.00
 151   13    0  100.00 100.00    10     10   10      0     13    13   100.00
 152   14    0  100.00 100.00    17     17   17      0     14    14   100.00
 153   16    0  100.00 100.00    15     15   15      0     16    16   100.00
 154   20    0   90.48  95.00    19     21   20      0     20    19    95.00
 155   20    0   90.91  86.96    20     22   23      0     20    20   100.00
 156   21    0   94.12  94.12    16     17   17      0     21    21   100.00
 157   31    0   93.55  90.62    29     31   32      0     31    31   100.00
 158   13    0   90.91  71.43    10     11   14      0     13    12    92.31
 159   17    0  100.00 100.00    16     16   16      0     17    17   100.00
 160   19    0   94.12  88.89    16     17   18      0     19    19   100.00
 161   21    0  100.00 100.00    22     22   22      0     21    21   100.00
 162   10    0   92.31  92.31    12     13   13      0     10    10   100.00
 163    1    0  100.00 100.00     3      3    3      0      1     0     0.00
 164   15    0   92.31  92.31    12     13   13      0     15    15   100.00
 165   46    0   86.67  82.98    39     45   47      4     46    45    97.83
 166    8    0  100.00 100.00    10     10   10      0      8     8   100.00
 167    7    0  100.00 100.00     6      6    6      0      7     7   100.00
 168   50    0   88.57  88.57    31     35   35      1     50    49    98.00
 169   54    0  100.00 100.00    37     37   37      0     54    51    94.44
 170   17    0  100.00 100.00    10     10   10      0     17    17   100.00
 171   17    0   75.00  64.29     9     12   14      2     17    16    94.12
 172   16    0   93.33 100.00    14     15   14      0     16    16   100.00
 173   35    0   80.00  77.42    24     30   31      2     35    35   100.00
 174   18    0   93.33 100.00    14     15   14      0     18    18   100.00
 175   22    1    0.00   0.00     0      0    0      0      0     0     0.00
 176   12    0  100.00  88.89     8      8    9      0     10    10   100.00
 177   19    1    0.00   0.00     0      0    0      0      0     0     0.00
 178   12    0  100.00 100.00     7      7    7      0     10    10   100.00
 179    7    0  100.00  87.50     7      7    8      0      7     7   100.00
 180    7    0  100.00 100.00     9      9    9      0      7     6    85.71
 181   13    0  100.00 100.00    10     10   10      0     13    13   100.00
 182    6    0  100.00 100.00     6      6    6      0      6     6   100.00
 183   35    0   85.19  88.46    23     27   26      2     35    34    97.14
 184   15    0  100.00  93.33    14     14   15      0     15    15   100.00
 185    5    0  100.00 100.00     5      5    5      0      5     5   100.00
 186    9    0   83.33  83.33     5      6    6      0      9     9   100.00
 187   21    0   93.33  93.33    14     15   15      0     21    20    95.24
 188    7    0   88.89 100.00     8      9    8      0      7     7   100.00
 189    3    0  100.00 100.00     4      4    4      0      3     3   100.00
 190    8    0   66.67  80.00     4      6    5      0      6     5    83.33
 191   45    0   85.71  85.71    24     28   28      1     45    45   100.00
 192    7    0  100.00 100.00     6      6    6      0      7     7   100.00
 193   10    0   90.00 100.00     9     10    9      0     10     8    80.00
 194    7    0  100.00 100.00     6      6    6      0      7     6    85.71
 195    9    0  100.00 100.00     7      7    7      0      8     8   100.00
 196   12    0  100.00  90.00     9      9   10      0     12    12   100.00
 197   11    0  100.00 100.00    11     11   11      0     11    10    90.91
 198    3    0   50.00  33.33     1      2    3      0      2     2   100.00
 199   28    0   91.30  91.30    21     23   23      1     28    27    96.43
 200   23    0  100.00 100.00    14     14   14      0     23    20    86.96
 201    8    0  100.00 100.00     8      8    8      0      8     8   100.00
 202   24    0  100.00 100.00    19     19   19      0     24    24   100.00
 203   20    0  100.00 100.00    17     17   17      0     20    18    90.00
 204   12    0   77.78  70.00     7      9   10      0     12    10    83.33
 205   10    0  100.00 100.00     8      8    8      0      8     8   100.00
 206   10    0  100.00 100.00     8      8    8      0      9     9   100.00
 207    8    0  100.00 100.00     6      6    6      0      7     6    85.71
 208   12    0  100.00 100.00    11     11   11      0     10    10   100.00
 209   14    0  100.00  90.91    10     10   11      0     12    12   100.00
 210    7    0  100.00 100.00     5      5    5      0      6     6   100.00
 211   14    0   85.71  80.00    12     14   15      2     14    13    92.86
 212   11    0  100.00 100.00     9      9    9      0     10    10   100.00
 213    8    0  100.00 100.00     9      9    9      0      8     8   100.00
 214    8    0  100.00 100.00     7      7    7      0      7     7   100.00
 215    6    0  100.00 100.00     5      5    5      0      6     6   100.00
 216   17    0   93.33 100.00    14     15   14      0     17    17   100.00
 217   21    0  100.00 100.00    20     20   20      0     21    20    95.24
 218    4    0   50.00  66.67     2      4    3      0      3     2    66.67
 219   12    0  100.00 100.00     9      9    9      0     12    10    83.33
 220    5    0  100.00 100.00     5      5    5      0      5     5   100.00
 221    9    0  100.00 100.00     9      9    9      0      9     9   100.00
 222    9    0   83.33  83.33     5      6    6      0      9     7    77.78
 223   14    0  100.00  85.71    12     12   14      0     14    13    92.86
 224    5    0  100.00 100.00     4      4    4      0      5     5   100.00
 225    2    0  100.00 100.00     2      2    2      0      2     2   100.00
 226    7    0  100.00 100.00     5      5    5      0      7     7   100.00
 227    6    0  100.00 100.00     5      5    5      0      6     6   100.00
 228    9    0  100.00 100.00     6      6    6      0      9     9   100.00
 229   13    0  100.00 100.00    10     10   10      0     13    12    92.31
 230    9    0  100.00 100.00     8      8    8      0      9     9   100.00
 231    8    0  100.00 100.00     5      5    5      0      8     8   100.00
 232   12    0   83.33  71.43     5      6    7      0     12    12   100.00
 233    5    0  100.00 100.00     6      6    6      0      5     5   100.00
 234    9    0   87.50 100.00     7      8    7      0      7     7   100.00
 235    7    0   87.50  87.50     7      8    8      0      6     6   100.00
 236    6    0  100.00 100.00     7      7    7      0      5     5   100.00
 237    3    0  100.00 100.00     4      4    4      0      3     2    66.67
 238   10    0  100.00 100.00    10     10   10      0     10     9    90.00
 239   32    0   94.12  94.12    32     34   34      0     32    32   100.00
 240   11    0  100.00 100.00    10     10   10      0      9     9   100.00
 241    6    0  100.00 100.00     5      5    5      0      5     5   100.00
 242    6    0  100.00 100.00     4      4    4      0      5     5   100.00
 243    7    0   66.67  66.67     4      6    6      0      5     4    80.00
 244    7    0  100.00 100.00     6      6    6      0      7     7   100.00
 245    7    0  100.00 100.00     5      5    5      0      5     5   100.00
 246    5    0  100.00 100.00     2      2    2      0      3     3   100.00
 247   10    0  100.00 100.00    10     10   10      0     10    10   100.00
 248    7    0   88.89  88.89     8      9    9      0      7     7   100.00
 249    7    0  100.00 100.00     5      5    5      0      5     5   100.00
 250    4    0   50.00  33.33     1      2    3      0      2     1    50.00
 251   15    0   92.86 100.00    13     14   13      0     12    12   100.00
 252    5    0  100.00  83.33     5      5    6      0      5     5   100.00
 253    2    0  100.00 100.00     2      2    2      0      2     1    50.00
 254    4    0   75.00  75.00     3      4    4      0      4     4   100.00
 255    4    0  100.00 100.00     2      2    2      0      3     3   100.00
 256   10    0  100.00 100.00    10     10   10      0     10    10   100.00
 257   15    0  100.00 100.00    10     10   10      0     13    13   100.00
 258   17    0   85.00  89.47    17     20   19      1     16    14    87.50
 259    9    0   85.71  85.71     6      7    7      0      8     8   100.00
 260   39    0   97.44  97.44    38     39   39      0     39    37    94.87
 261   17    0  100.00 100.00    15     15   15      0     17    16    94.12
 262    6    0  100.00 100.00     6      6    6      0      6     4    66.67
 263    5    0  100.00 100.00     6      6    6      0      5     5   100.00
 264    7    0  100.00 100.00     5      5    5      0      7     7   100.00
 265   31    0   96.30  96.30    26     27   27      0     29    28    96.55
 266   15    0   80.00  92.31    12     15   13      0     15    11    73.33
 267   19    0   78.95  83.33    15     19   18      0     17    17   100.00
 268   42    0  100.00  97.14    34     34   35      0     42    41    97.62
 269   14    0  100.00 100.00    14     14   14      0     14    14   100.00
 270   22    0   82.14  82.14    23     28   28      4     22    22   100.00
 271    9    0  100.00 100.00     7      7    7      0      9     9   100.00
 272   19    0  100.00  95.65    22     22   23      0     19    19   100.00
 273   13    0   92.86  92.86    13     14   14      0     13    12    92.31
 274    6    0   75.00  75.00     3      4    4      0      6     5    83.33
 275   10    0  100.00 100.00     9      9    9      0     10    10   100.00
 276   17    0   94.44  94.44    17     18   18      0     17    17   100.00
 277   14    0   93.33 100.00    14     15   14      0     12    11    91.67
 278   10    0  100.00 100.00    11     11   11      0     10    10   100.00
 279   12    0  100.00 100.00     9      9    9      0     10    10   100.00
 280   28    0  100.00 100.00    36     36   36      0     28    27    96.43
 281    7    0  100.00 100.00     5      5    5      0      5     5   100.00
 282    8    0   87.50  87.50     7      8    8      0      6     5    83.33
 283   12    0  100.00 100.00    11     11   11      0     12    11    91.67
 284    9    0  100.00 100.00     6      6    6      0      7     7   100.00
 285    9    0  100.00 100.00     8      8    8      0      7     7   100.00
 286    5    0  100.00 100.00     4      4    4      0      3     3   100.00
 287    5    0  100.00 100.00     6      6    6      0      5     5   100.00
 288   10    0  100.00 100.00    10     10   10      0     10    10   100.00
 289   21    0  100.00 100.00    23     23   23      0     21    21   100.00
 290   15    0   86.67  86.67    13     15   15      0     13    13   100.00
 291   34    0  100.00 100.00    37     37   37      0     34    33    97.06
 292    8    0  100.00  87.50     7      7    8      0      8     8   100.00
 293   13    0  100.00 100.00    12     12   12      0     11    11   100.00
 294   23    0  100.00  92.59    25     25   27      0     21    20    95.24
 295   10    0   66.67  50.00     4      6    8      2      8     7    87.50
 296    4    0  100.00 100.00     5      5    5      0      4     3    75.00
 297   11    0  100.00 100.00     6      6    6      0      9     8    88.89
 298   15    0  100.00 100.00    14     14   14      0     15    14    93.33
 299   15    0  100.00 100.00    15     15   15      0     15    15   100.00
 300   13    0  100.00 100.00    13     13   13      0     13    12    92.31
 301   10    0  100.00 100.00    11     11   11      0     10    10   100.00
 302   41    0   95.00  95.00    38     40   40      0     41    40    97.56
 303   44    0   97.30  94.74    36     37   38      0     44    43    97.73
 304    7    0  100.00  83.33     5      5    6      0      5     4    80.00
 305   15    0  100.00 100.00    14     14   14      0     13    11    84.62
 306   13    0  100.00 100.00    10     10   10      0     11    11   100.00
 307   12    0   90.91  90.91    10     11   11      0     10     9    90.00
 308   12    0  100.00 100.00    11     11   11      0     10    10   100.00
 309    5    0  100.00 100.00     5      5    5      0      5     4    80.00
 310    6    0  100.00 100.00     6      6    6      0      6     6   100.00
 311   12    0   90.91  90.91    10     11   11      0     10     9    90.00
 312   19    0   65.00  65.00    13     20   20      3     19    19   100.00
 313   23    1    0.00   0.00     0      0    0      0      0     0     0.00
 314   12    0  100.00 100.00    10     10   10      0     10    10   100.00
 315   15    0   85.71  80.00    12     14   15      2     13    13   100.00
 316   14    0  100.00 100.00    13     13   13      0     12    12   100.00
 317   12    0  100.00 100.00     8      8    8      0     10    10   100.00
 318    3    0  100.00 100.00     4      4    4      0      3     3   100.00
 319    3    0   33.33  50.00     1      3    2      0      2     2   100.00
 320    4    0  100.00 100.00     3      3    3      0      4     4   100.00
 321    7    0  100.00 100.00     9      9    9      0      6     6   100.00
 322   11    0  100.00 100.00    11     11   11      0     11    11   100.00
 323   11    0   75.00  81.82     9     12   11      0     11    10    90.91
 324   28    0   96.77  96.77    30     31   31      0     28    28   100.00
 325   15    0  100.00  92.31    12     12   13      0     15    14    93.33
 326    6    0   80.00  80.00     4      5    5      0      6     6   100.00
 327    7    0  100.00 100.00    10     10   10      0      7     6    85.71
 328    7    0   85.71  66.67     6      7    9      0      7     7   100.00
 329   16    0  100.00 100.00    11     11   11      0     16    16   100.00
 330   11    0  100.00 100.00    10     10   10      0     11    11   100.00
 331   12    0  100.00 100.00    11     11   11      0     12    12   100.00
 332    5    0  100.00 100.00     5      5    5      0      5     5   100.00
 333   13    0  100.00 100.00    11     11   11      0     13    13   100.00
 334    7    0  100.00 100.00     5      5    5      0      7     7   100.00
 335   21    0  100.00  94.12    16     16   17      0     21    21   100.00
 336   16    0   91.67  84.62    11     12   13      0     16    16   100.00
 337    7    0  100.00 100.00     6      6    6      0      7     7   100.00
 338    7    0  100.00 100.00     7      7    7      0      7     7   100.00
 339   22    0   87.50  87.50    14     16   16      0     22    21    95.45
 340    9    0  100.00 100.00     7      7    7      0      9     9   100.00
 341    7    0   85.71  85.71     6      7    7      0      7     7   100.00
 342   37    0   91.43  91.43    32     35   35      1     37    34    91.89
 343   22    0  100.00 100.00    16     16   16      0     22    22   100.00
 344   33    0   74.07  71.43    20     27   28      6     33    32    96.97
 345   69    0   82.46  74.60    47     57   63      9     69    64    92.75
 346   45    0   97.73  97.73    43     44   44      0     45    42    93.33
 347   20    0   85.71 100.00    12     14   12      0     20    20   100.00
 348   46    0   95.00  97.44    38     40   39      0     46    45    97.83
 349   22    0   85.00  77.27    17     20   22      1     22    21    95.45
 350   25    0   90.91  95.24    20     22   21      1     25    25   100.00
 351   35    0   96.55  90.32    28     29   31      2     35    30    85.71
 352   35    0   84.38  79.41    27     32   34      4     35    34    97.14
 353    9    0  100.00 100.00     7      7    7      0      9     9   100.00
 354   21    0   87.50  87.50    14     16   16      0     21    21   100.00
 355   36    0   94.12  94.12    32     34   34      1     36    36   100.00
 356   24    0   93.75  88.24    15     16   17      1     24    23    95.83
 357   19    0   81.25  86.67    13     16   15      0     17    17   100.00
 358   31    0  100.00  92.00    23     23   25      0     31    30    96.77
 359   25    0   95.00  95.00    19     20   20      0     25    24    96.00
 360   30    0   83.33  78.95    15     18   19      1     30    28    93.33
 361   41    0   86.49  82.05    32     37   39      4     41    38    92.68
 362   43    0   91.43  96.97    32     35   33      1     43    41    95.35
 363   10    0  100.00 100.00     8      8    8      0     10    10   100.00
 364    5    0  100.00 100.00     5      5    5      0      5     5   100.00
 365   36    0  100.00 100.00    29     29   29      0     36    36   100.00
 366   30    0  100.00 100.00    25     25   25      0     30    28    93.33
 367   12    0   92.86  92.86    13     14   14      0     12    12   100.00
 368   36    0   89.29  83.33    25     28   30      4     36    34    94.44
 369   22    0   31.58  37.50     6     19   16      9     22    14    63.64
 370   13    0  100.00 100.00    12     12   12      0     13    13   100.00
 371   15    0  100.00  92.86    13     13   14      0     15    15   100.00
 372    4    0  100.00 100.00     5      5    5      0      4     3    75.00
 373   17    0  100.00  93.33    14     14   15      0     17    17   100.00
 374   26    0   95.65  91.67    22     23   24      1     26    26   100.00
 375   43    0   73.53  69.44    25     34   36      9     43    43   100.00
 376    9    0   90.91  90.91    10     11   11      0      9     9   100.00
 377   39    0   83.87  86.67    26     31   30      3     39    39   100.00
 378   23    0   87.50  82.35    14     16   17      0     23    22    95.65
 379   36    0   88.57  83.78    31     35   37      3     36    35    97.22
 380    8    0   88.89 100.00     8      9    8      0      8     7    87.50
 381   38    0   80.56  82.86    29     36   35      4     38    37    97.37
 382   29    0   81.48  75.86    22     27   29      3     29    29   100.00
 383   12    0   77.78  77.78     7      9    9      0     10    10   100.00
 384    9    0  100.00 100.00     8      8    8      0      7     7   100.00
 385    8    0  100.00 100.00     7      7    7      0      8     7    87.50
 386   28    0   95.45  87.50    21     22   24      0     28    27    96.43
 387    7    0  100.00 100.00     7      7    7      0      7     7   100.00
 388   13    0   90.00  90.00     9     10   10      0     11    10    90.91
 389   13    0  100.00 100.00    11     11   11      0     13    13   100.00
 390   17    0   73.68  77.78    14     19   18      3     17    17   100.00
 391   10    0   90.00  90.00     9     10   10      0     10     9    90.00
 392   24    0   95.65  88.00    22     23   25      1     24    24   100.00
 393   11    0  100.00 100.00     7      7    7      0     11    11   100.00
 394    9    0  100.00 100.00     9      9    9      0      9     9   100.00
 395   12    0   80.00  80.00     8     10   10      0     12    10    83.33
 396    7    0  100.00 100.00     7      7    7      0      7     7   100.00
 397    9    0  100.00 100.00     8      8    8      0      9     9   100.00
 398   17    0   84.62  91.67    11     13   12      1     17    15    88.24
 399   19    0   94.44  94.44    17     18   18      0     19    18    94.74
 400    4    0  100.00 100.00     2      2    2      0      4     4   100.00
 401   22    0  100.00 100.00    16     16   16      0     22    22   100.00
 402    4    0  100.00 100.00     5      5    5      0      4     4   100.00
 403   27    0  100.00  95.24    20     20   21      0     27    25    92.59
 404    7    0  100.00 100.00     5      5    5      0      7     7   100.00
 405   41    1    0.00   0.00     0      0    0      0      0     0     0.00
 406   26    0   92.00  95.83    23     25   24      1     26    26   100.00
 407   30    0   91.67  95.65    22     24   23      0     30    29    96.67
 408   15    0   83.33  93.75    15     18   16      0     15    14    93.33
 409   26    0   96.43 100.00    27     28   27      0     26    26   100.00
 410    3    0  100.00 100.00     2      2    2      0      3     3   100.00
 411   34    0   92.86  92.86    26     28   28      2     34    33    97.06
 412   20    0   65.00  72.22    13     20   18      2     20    20   100.00
 413   15    0   92.31 100.00    12     13   12      0     15    15   100.00
 414   29    0   96.30  96.30    26     27   27      0     29    29   100.00
 415   23    0   95.00 100.00    19     20   19      0     23    22    95.65
 416   23    0   85.71  85.71    18     21   21      2     23    23   100.00
 417   21    0   71.43  71.43    15     21   21      3     21    21   100.00
 418   13    0  100.00 100.00    12     12   12      0     13    13   100.00
 419   20    0  100.00 100.00    19     19   19      0     20    20   100.00
 420   16    0   93.33  87.50    14     15   16      0     16    15    93.75
 421    2    0  100.00 100.00     2      2    2      0      2     2   100.00
 422    2    0  100.00 100.00     2      2    2      0      2     2   100.00
 423    2    0  100.00 100.00     2      2    2      0      2     2   100.00
 424   25    0  100.00 100.00    21     21   21      0     25    24    96.00
 425   21    0   94.12  84.21    16     17   19      1     21    21   100.00
 426   21    0   95.00  95.00    19     20   20      0     21    18    85.71
 427   26    0  100.00 100.00    30     30   30      0     26    25    96.15
 428    3    0   50.00  33.33     1      2    3      0      3     0     0.00
 429   41    0   90.91  96.77    30     33   31      0     41    40    97.56
 430   28    0   79.17  79.17    19     24   24      3     28    27    96.43
 431   32    0  100.00  97.06    33     33   34      0     32    31    96.88
 432   28    0  100.00 100.00    21     21   21      0     28    26    92.86
 433   10    0  100.00 100.00     8      8    8      0      8     6    75.00
 434   10    0  100.00 100.00    11     11   11      0      9     9   100.00
 435   11    0  100.00 100.00    10     10   10      0     11    10    90.91
 436   18    0  100.00 100.00    17     17   17      0     18    17    94.44
 437   12    0  100.00 100.00    15     15   15      0     12    12   100.00
 438    5    0  100.00 100.00     6      6    6      0      4     4   100.00
 439    7    0   77.78 100.00     7      9    7      0      7     7   100.00
 440    7    0   80.00  80.00     8     10   10      0      7     7   100.00
 441    8    0  100.00 100.00     7      7    7      0      8     7    87.50
 442   32    0  100.00  95.65    22     22   23      0     32    29    90.62
 443   15    0  100.00 100.00    11     11   11      0     15    15   100.00
 444   16    1    0.00   0.00     0      0    0      0      0     0     0.00
 445   30    0  100.00 100.00    28     28   28      0     30    30   100.00
 446   31    0   73.68  73.68    14     19   19      0     31    29    93.55
 447   31    0   86.96  86.96    20     23   23      0     29    25    86.21
 448   21    0  100.00 100.00    19     19   19      0     21    21   100.00
 449   15    0  100.00 100.00    17     17   17      0     15    15   100.00
 450   26    0   61.11  61.11    11     18   18      1     24    21    87.50
 451    9    0  100.00 100.00    11     11   11      0      9     7    77.78
 452    7    0  100.00 100.00     7      7    7      0      7     7   100.00
 453    7    0  100.00 100.00     8      8    8      0      7     7   100.00
 454   17    0  100.00 100.00    14     14   14      0     17    15    88.24
 455   20    0  100.00 100.00    18     18   18      0     20    19    95.00
 456   21    0   65.22  65.22    15     23   23      7     21    21   100.00
 457   16    0   85.71  75.00    12     14   16      0     16    16   100.00
 458   15    0   25.00  28.57     2      8    7      0     13     9    69.23
 459   25    0  100.00 100.00    26     26   26      0     25    25   100.00
 460   21    0   88.24  88.24    15     17   17      0     21    20    95.24
 461   42    0   75.68  80.00    28     37   35      5     42    38    90.48
 462   27    0   92.31  88.89    24     26   27      0     27    25    92.59
 463   18    0   84.62  84.62    11     13   13      1     18    18   100.00
 464    5    0  100.00 100.00     4      4    4      0      5     4    80.00
 465   19    0  100.00  92.31    12     12   13      0     19    19   100.00
 466   24    0   90.91  95.24    20     22   21      1     24    23    95.83
 467   15    0  100.00 100.00    14     14   14      0     15    15   100.00
 468   37    0   68.97  68.97    20     29   29      7     37    34    91.89
 469   28    0   88.89  88.89    24     27   27      1     28    25    89.29
 470   33    0   80.00  86.96    20     25   23      1     33    30    90.91
 471   29    0   77.78  87.50    21     27   24      1     29    29   100.00
 472   31    0  100.00  95.83    23     23   24      0     29    29   100.00
 473    4    0  100.00 100.00     2      2    2      0      4     4   100.00
 474    8    0  100.00 100.00     8      8    8      0      8     8   100.00
 475   14    0  100.00 100.00    13     13   13      0     14    14   100.00
 476   59    0   93.48  93.48    43     46   46      0     59    56    94.92
 477   57    0   94.23  94.23    49     52   52      0     55    55   100.00
 478   56    0  100.00  97.87    46     46   47      0     56    53    94.64
 479   20    0   91.67  91.67    11     12   12      0     18    17    94.44
 480   14    0   92.31  92.31    12     13   13      0     14    13    92.86
 481   28    0   93.33 100.00    14     15   14      0     28    26    92.86
 482   28    0  100.00 100.00    22     22   22      0     28    28   100.00
 483   33    0  100.00 100.00    29     29   29      0     33    33   100.00
 484   28    0   80.77  84.00    21     26   25      0     28    28   100.00
 485   34    0   86.67  96.30    26     30   27      0     34    34   100.00
 486   29    0   94.12  94.12    16     17   17      0     29    28    96.55
 487   38    0   93.94  96.88    31     33   32      0     36    35    97.22
 488   13    0   91.67  91.67    11     12   12      0     13    13   100.00
 489   18    0   92.86  81.25    13     14   16      0     18    18   100.00
 490   30    0   92.00 100.00    23     25   23      0     30    28    93.33
 491   28    0   87.10  90.00    27     31   30      0     28    26    92.86
 492    4    0  100.00 100.00     6      6    6      0      4     3    75.00
 493   29    0   86.21  89.29    25     29   28      2     29    28    96.55
 494   39    0   90.00  92.31    36     40   39      2     39    37    94.87
 495   39    0   96.88  96.88    31     32   32      0     39    39   100.00
 496   68    0   90.70  84.78    39     43   46      1     68    63    92.65
 497   89    0   91.43  94.12    64     70   68      2     89    86    96.63
 498   51    0   72.50  69.05    29     40   42     10     51    47    92.16
 499   17    0  100.00  92.31    12     12   13      0     17    17   100.00
 500   35    0   94.12  88.89    32     34   36      1     35    32    91.43
 501   42    0   86.49  94.12    32     37   34      2     42    39    92.86
 502   28    0   91.67  95.65    22     24   23      0     28    24    85.71
 503   45    0   95.56  91.49    43     45   47      0     45    41    91.11
 504   35    0   93.33  90.32    28     30   31      0     35    32    91.43
 505   31    0   95.24  95.24    20     21   21      0     31    30    96.77
 506   50    0   88.89  91.43    32     36   35      0     50    49    98.00
 507   25    0   95.00  95.00    19     20   20      0     25    24    96.00
 508   44    0   90.48  95.00    38     42   40      1     44    40    90.91
 509   37    0  100.00  97.22    35     35   36      0     37    37   100.00
 510   71    0   88.89  90.57    48     54   53      1     71    64    90.14
 511   33    0  100.00 100.00    24     24   24      0     33    32    96.97
 512    1    0  100.00 100.00     2      2    2      0      1     1   100.00
 513   12    0  100.00 100.00     9      9    9      0     10    10   100.00
 514   35    0   77.27  70.83    17     22   24      3     35    33    94.29
 515   19    0   61.90  61.90    13     21   21      6     17    17   100.00
 516   14    0  100.00 100.00    10     10   10      0     14    12    85.71
 517   14    0  100.00 100.00    12     12   12      0     14    13    92.86
 518   17    0   75.00  81.82     9     12   11      2     17    17   100.00
 519   17    0  100.00 100.00    15     15   15      0     17    17   100.00
 520   12    0   90.91  83.33    10     11   12      1     12    11    91.67
 521    6    0  100.00 100.00     6      6    6      0      6     5    83.33
 522   11    0  100.00 100.00     9      9    9      0      9     9   100.00
 523   10    0  100.00 100.00    13     13   13      0     10    10   100.00
 524    5    0   83.33 100.00     5      6    5      0      5     4    80.00
 525   19    0   96.00  96.00    24     25   25      0     18    18   100.00
 526    6    0  100.00 100.00     5      5    5      0      5     5   100.00
 527    7    0  100.00 100.00     6      6    6      0      7     7   100.00
 528   24    0   91.67  91.67    22     24   24      1     24    23    95.83
 529   18    0   70.00  70.00    14     20   20      4     18    18   100.00
 530    6    0  100.00 100.00     7      7    7      0      6     6   100.00
 531   18    0  100.00 100.00    15     15   15      0     18    18   100.00
 532   26    0  100.00  92.31    24     24   26      0     24    22    91.67
 533   19    0  100.00 100.00    12     12   12      0     17    17   100.00
 534   14    0   91.67  91.67    11     12   12      0     14    14   100.00
 535    6    0  100.00 100.00     5      5    5      0      6     6   100.00
 536    8    0  100.00 100.00     7      7    7      0      8     8   100.00
 537    8    0  100.00 100.00    11     11   11      0      8     8   100.00
 538   11    0   90.00  90.00     9     10   10      0     11    10    90.91
 539    9    0  100.00 100.00    10     10   10      0      9     8    88.89
 540    8    0   88.89 100.00     8      9    8      0      8     8   100.00
 541    8    0  100.00 100.00     5      5    5      0      6     6   100.00
 542    4    0   83.33  83.33     5      6    6      0      4     4   100.00
 543    5    0  100.00 100.00     5      5    5      0      5     5   100.00
 544    7    0  100.00 100.00     6      6    6      0      7     7   100.00
 545   12    0  100.00 100.00    12     12   12      0     10    10   100.00
 546    8    0  100.00 100.00     5      5    5      0      6     6   100.00
 547   11    0  100.00 100.00    10     10   10      0      9     9   100.00
 548    8    0  100.00 100.00     5      5    5      0      6     6   100.00
 549    9    0  100.00 100.00     9      9    9      0      8     8   100.00
 550   10    0  100.00 100.00    11     11   11      0      9     9   100.00
 551   18    0  100.00 100.00    20     20   20      0     18    18   100.00
 552    8    0  100.00 100.00     9      9    9      0      8     8   100.00
 553   18    0   87.50  93.33    14     16   15      0     18    18   100.00
 554   11    0  100.00 100.00     9      9    9      0      9     9   100.00
 555    8    0  100.00 100.00     5      5    5      0      6     6   100.00
 556   31    0  100.00 100.00    25     25   25      0     31    31   100.00
 557    8    0  100.00 100.00     5      5    5      0      6     6   100.00
 558   33    1    0.00   0.00     0      0    0      0      0     0     0.00
 559    7    0  100.00 100.00     5      5    5      0      7     6    85.71
 560    8    0  100.00 100.00     8      8    8      0      8     8   100.00
 561   34    0   76.67  79.31    23     30   29      2     34    31    91.18
 562   12    0  100.00 100.00    11     11   11      0     12    12   100.00
 563   25    0   93.10  93.10    27     29   29      0     25    24    96.00
 564   31    0   96.15  96.15    25     26   26      0     31    31   100.00
 565   23    0  100.00 100.00    28     28   28      0     23    22    95.65
 566   14    0   90.91  90.91    10     11   11      0     14    14   100.00
 567    9    0  100.00 100.00     8      8    8      0      9     9   100.00
 568   23    0  100.00 100.00    19     19   19      0     23    23   100.00
 569   19    0   95.65  91.67    22     23   24      1     19    18    94.74
 570    8    0  100.00 100.00     8      8    8      0      8     8   100.00
 571   26    0   88.00  91.67    22     25   24      1     26    25    96.15
 572   15    0   61.54  72.73     8     13   11      3     13    13   100.00
 573   23    0  100.00  96.30    26     26   27      0     23    22    95.65
 574    8    0  100.00 100.00     9      9    9      0      8     8   100.00
 575   19    0   88.89  88.89    16     18   18      1     17    17   100.00
 576    5    0  100.00 100.00     5      5    5      0      5     5   100.00
 577   14    0  100.00 100.00    14     14   14      0     14    14   100.00
 578    1    0  100.00 100.00     2      2    2      0      1     1   100.00
 579    7    0  100.00 100.00     7      7    7      0      6     6   100.00
 580    7    0  100.00 100.00     8      8    8      0      7     7   100.00
 581    5    0  100.00 100.00     5      5    5      0      5     5   100.00
 582    7    0  100.00 100.00     5      5    5      0      6     6   100.00
 583    3    0  100.00 100.00     3      3    3      0      3     3   100.00
 584    7    0  100.00 100.00     7      7    7      0      7     6    85.71
 585   17    0   91.67  91.67    11     12   12      0     17    17   100.00
 586   16    0  100.00 100.00    17     17   17      0     16    16   100.00
 587    7    0  100.00 100.00     6      6    6      0      7     7   100.00
 588    9    0  100.00 100.00     8      8    8      0      9     9   100.00
 589   14    0  100.00 100.00    11     11   11      0     14    14   100.00
 590   10    0  100.00 100.00     9      9    9      0     10    10   100.00
 591    4    0  100.00 100.00     5      5    5      0      4     4   100.00
 592   29    0   86.67  89.66    26     30   29      1     29    27    93.10
 593    8    0  100.00 100.00     9      9    9      0      8     7    87.50
 594   22    0   95.65  95.65    22     23   23      0     22    21    95.45
 595   17    0  100.00 100.00    19     19   19      0     17    17   100.00
 596   45    0   82.93  80.95    34     41   42      3     45    42    93.33
 597   19    0  100.00 100.00    17     17   17      0     19    19   100.00
 598   48    0  100.00 100.00    52     52   52      0     48    46    95.83
 599   23    0   94.12  94.12    16     17   17      0     23    23   100.00
 600    9    0  100.00 100.00    10     10   10      0      9     9   100.00
 601    9    0  100.00 100.00    10     10   10      0      9     9   100.00
 602   10    0  100.00 100.00    12     12   12      0     10    10   100.00
 603   15    0   86.67  92.86    13     15   14      0     15    14    93.33
 604   35    0   79.17  73.08    19     24   26      2     35    33    94.29
 605    4    0  100.00 100.00     4      4    4      0      4     3    75.00
 606    2    0  100.00 100.00     2      2    2      0      2     2   100.00
 607    5    0  100.00 100.00     6      6    6      0      5     5   100.00
 608   10    0   90.91  90.91    10     11   11      0     10    10   100.00
 609    6    0  100.00 100.00     6      6    6      0      6     6   100.00
 610   17    0  100.00  92.86    13     13   14      0     17    16    94.12
 611   33    0   93.75  90.91    30     32   33      0     33    31    93.94
 612    2    0  100.00 100.00     2      2    2      0      2     2   100.00
 613   28    1    0.00   0.00     0      0    0      0      0     0     0.00
 614    6    0  100.00 100.00     9      9    9      0      6     6   100.00
 615    6    0   83.33 100.00     5      6    5      0      6     6   100.00
 616   15    0  100.00 100.00    13     13   13      0     15    15   100.00
 617   17    0   80.00  88.89    16     20   18      0     17    17   100.00
 618   11    0  100.00 100.00    10     10   10      0     11    10    90.91
 619    7    0  100.00 100.00     6      6    6      0      7     6    85.71
 620   19    0  100.00 100.00    21     21   21      0     19    19   100.00
 621   37    0   82.35  84.85    28     34   33      2     37    35    94.59
 622   10    0  100.00 100.00    11     11   11      0     10    10   100.00
 623   38    0   84.21  78.05    32     38   41      0     38    37    97.37
 624   34    0  100.00 100.00    34     34   34      0     34    33    97.06
 625   25    0   91.30  87.50    21     23   24      0     25    25   100.00
 626   30    0   97.30 100.00    36     37   36      0     30    30   100.00
 627   11    0  100.00 100.00    12     12   12      0     11    11   100.00
 628   26    0   83.33  74.07    20     24   27      3     24    23    95.83
 629   13    0  100.00 100.00    12     12   12      0     13    13   100.00
 630    9    0  100.00 100.00     9      9    9      0      9     9   100.00
 631   16    0   82.35  82.35    14     17   17      3     16    15    93.75
 632   21    0   84.00  87.50    21     25   24      3     21    21   100.00
 633    7    0  100.00 100.00     5      5    5      0      5     5   100.00
 634    4    0  100.00  66.67     2      2    3      0      2     1    50.00
 635    5    0   83.33 100.00     5      6    5      0      5     5   100.00
 636   14    0   81.82  90.00     9     11   10      0     14    13    92.86
 637    8    0   80.00  66.67     4      5    6      0      6     6   100.00
 638   12    0   81.82  75.00     9     11   12      0     12    11    91.67
 639    8    0  100.00 100.00     6      6    6      0      8     8   100.00
 640    9    0   33.33  33.33     1      3    3      0      7     4    57.14
 641    7    0  100.00 100.00    11     11   11      0      7     7   100.00
 642    6    0   50.00  50.00     2      4    4      0      4     2    50.00
 643   13    0   90.00  81.82     9     10   11      0     11     9    81.82
 644    5    0  100.00 100.00     5      5    5      0      5     5   100.00
 645    8    0  100.00 100.00     8      8    8      0      8     8   100.00
 646    9    0   80.00  80.00     4      5    5      0      7     6    85.71
 647    6    0  100.00 100.00     5      5    5      0      4     4   100.00
 648   14    0   72.73  72.73     8     11   11      2     12    12   100.00
 649   10    0  100.00 100.00     8      8    8      0     10     9    90.00
 650   12    0  100.00 100.00    15     15   15      0     12    11    91.67
 651   10    0   91.67  91.67    11     12   12      0     10    10   100.00
 652   13    1    0.00   0.00     0      0    0      0      0     0     0.00
 653    7    0  100.00 100.00     6      6    6      0      7     7   100.00
 654   14    0   81.82 100.00     9     11    9      0     14    14   100.00
 655    4    0  100.00 100.00     5      5    5      0      4     4   100.00
 656    5    0  100.00 100.00     4      4    4      0      3     3   100.00
 657    7    0  100.00 100.00     8      8    8      0      7     7   100.00
 658    6    0  100.00 100.00     6      6    6      0      5     5   100.00
 659    5    0  100.00 100.00     5      5    5      0      4     3    75.00
 660    6    0  100.00 100.00     6      6    6      0      6     5    83.33
 661    7    0  100.00 100.00     8      8    8      0      7     7   100.00
 662    4    0  100.00 100.00     5      5    5      0      4     4   100.00
 663    5    0  100.00 100.00     5      5    5      0      5     5   100.00
 664   16    0  100.00 100.00    12     12   12      0     16    16   100.00
 665   13    0   66.67  66.67     6      9    9      1     13    13   100.00
 666    8    0  100.00 100.00     8      8    8      0      6     6   100.00
 667   11    0  100.00 100.00    12     12   12      0     11    11   100.00
 668   18    0  100.00 100.00    14     14   14      0     16    16   100.00
 669   10    0   71.43  83.33     5      7    6      0      8     8   100.00
 670    5    0  100.00 100.00     5      5    5      0      4     4   100.00
 671    7    0  100.00 100.00     5      5    5      0      6     6   100.00
 672    8    0  100.00 100.00     6      6    6      0      6     6   100.00
 673    4    0  100.00  66.67     2      2    3      0      3     3   100.00
 674    5    0  100.00 100.00     3      3    3      0      4     4   100.00
 675    7    0  100.00 100.00     6      6    6      0      6     6   100.00
 676    7    0  100.00 100.00     9      9    9      0      7     7   100.00
 677   17    0   64.29  75.00     9     14   12      3     16    14    87.50
 678   12    0  100.00 100.00    12     12   12      0     12    12   100.00
 679    7    0  100.00 100.00     6      6    6      0      6     6   100.00
 680   12    0   88.89  88.89     8      9    9      0     11    11   100.00
 681   18    0  100.00 100.00    11     11   11      0     15    15   100.00
 682    6    0  100.00 100.00     6      6    6      0      5     5   100.00
 683   15    0  100.00 100.00    13     13   13      0     13    13   100.00
 684   33    0   94.44  91.89    34     36   37      0     32    30    93.75
 685    6    0  100.00 100.00     5      5    5      0      6     6   100.00
 686    3    0   33.33  50.00     1      3    2      0      3     2    66.67
 687    7    0  100.00 100.00     5      5    5      0      6     6   100.00
 688    1    0  100.00 100.00     2      2    2      0      1     1   100.00
 689    3    0  100.00 100.00     3      3    3      0      3     3   100.00
 690    7    0  100.00 100.00     7      7    7      0      7     7   100.00
 691   65    0   80.85  79.17    38     47   48      6     65    63    96.92
 692    4    0  100.00 100.00     4      4    4      0      3     3   100.00
 693    2    0   50.00  50.00     1      2    2      0      2     1    50.00
 694    7    0  100.00 100.00     6      6    6      0      6     6   100.00
 695   11    0   90.00  90.00     9     10   10      0     11    10    90.91
 696   12    0  100.00 100.00    12     12   12      0     12    12   100.00
 697   22    0   94.12  94.12    16     17   17      0     22    22   100.00
 698   15    0   80.00  80.00     8     10   10      0     13    13   100.00
 699    3    0  100.00 100.00     2      2    2      0      2     2   100.00
 700    9    0  100.00 100.00     7      7    7      0      8     8   100.00
 701   18    0  100.00 100.00    15     15   15      0     18    18   100.00
 702   32    0  100.00  95.00    19     19   20      0     32    29    90.62
 703   12    0   88.89  88.89     8      9    9      0     10     9    90.00
 704   28    0   90.48  90.48    19     21   21      0     26    24    92.31
 705   29    0  100.00  95.83    23     23   24      0     29    27    93.10
 706    3    0  100.00 100.00     3      3    3      0      3     3   100.00
 707    2    0  100.00 100.00     2      2    2      0      2     1    50.00
 708   14    0   76.92  71.43    10     13   14      2     14    13    92.86
 709    8    0  100.00 100.00    10     10   10      0      8     8   100.00
 710   29    0   96.88  96.88    31     32   32      0     29    29   100.00
 711   23    0   95.00  90.48    19     20   21      0     23    23   100.00
 712    3    0  100.00 100.00     2      2    2      0      2     2   100.00
 713    2    0  100.00 100.00     2      2    2      0      2     2   100.00
 714    7    1    0.00   0.00     0      0    0      0      0     0     0.00
 715    9    0   87.50  87.50     7      8    8      0      9     7    77.78
 716    8    0  100.00 100.00    10     10   10      0      8     8   100.00
 717    5    0  100.00 100.00     5      5    5      0      5     5   100.00
 718   11    0   85.71  85.71     6      7    7      0     11    10    90.91
 719   10    0  100.00 100.00    11     11   11      0     10    10   100.00
 720   12    0  100.00 100.00    11     11   11      0     12    11    91.67
 721   12    0   75.00  75.00     9     12   12      2     12    12   100.00
 722    4    0   50.00  50.00     2      4    4      0      4     3    75.00
 723    9    0  100.00 100.00     6      6    6      0      8     8   100.00
 724    6    0  100.00 100.00     6      6    6      0      6     6   100.00
 725   11    0  100.00 100.00     9      9    9      0      9     9   100.00
 726   38    0   96.30  92.86    26     27   28      0     34    33    97.06
 727   17    0  100.00 100.00    18     18   18      0     17    17   100.00
 728   10    0   81.82 100.00     9     11    9      0      9     9   100.00
 729    6    0  100.00 100.00     4      4    4      0      6     6   100.00
 730   11    0   62.50  55.56     5      8    9      2     10     8    80.00
 731   14    0   90.91  90.91    10     11   11      0     12    11    91.67
 732    7    0  100.00 100.00     5      5    5      0      5     5   100.00
 733   18    0  100.00  93.33    14     14   15      0     17    17   100.00
 734    6    0  100.00 100.00     4      4    4      0      5     5   100.00
 735   12    0  100.00 100.00    15     15   15      0     11    11   100.00
 736   37    1    0.00   0.00     0      0    0      0      0     0     0.00
 737   14    0  100.00 100.00    11     11   11      0     12    12   100.00
 738   20    0   88.24 100.00    15     17   15      0     18    17    94.44
 739    9    0   88.89 100.00     8      9    8      0      8     8   100.00
 740   19    0   94.12 100.00    16     17   16      0     18    18   100.00
 741    3    0  100.00 100.00     4      4    4      0      3     3   100.00
 742   19    0   90.00  90.00    18     20   20      0     17    17   100.00
 743    2    0  100.00 100.00     2      2    2      0      2     2   100.00
 744   24    0   92.86  81.25    13     14   16      0     24    23    95.83
 745   11    0  100.00 100.00    10     10   10      0     11    11   100.00
 746   10    0  100.00 100.00     8      8    8      0      8     8   100.00
 747    4    0  100.00 100.00     4      4    4      0      4     4   100.00
 748    7    0   66.67  66.67     4      6    6      0      7     4    57.14
 749   18    0  100.00 100.00    18     18   18      0     18    18   100.00
 750   25    0   95.00  95.00    19     20   20      0     25    25   100.00
 751   33    0   93.55  93.55    29     31   31      1     33    32    96.97
 752   26    0  100.00 100.00    24     24   24      0     26    25    96.15
 753   13    0   92.31 100.00    12     13   12      0     12    11    91.67
 754   20    0  100.00 100.00    19     19   19      0     20    20   100.00
 755   19    0   93.75 100.00    15     16   15      0     19    17    89.47
 756   26    0   86.96 100.00    20     23   20      0     26    23    88.46
 757   23    0   85.00  80.95    17     20   21      0     23    23   100.00
 758    7    0  100.00 100.00     5      5    5      0      5     5   100.00
 759   42    0   95.12  95.12    39     41   41      1     42    39    92.86
 760    4    0  100.00 100.00     2      2    2      0      2     2   100.00
 761   11    0  100.00 100.00     9      9    9      0      9     9   100.00
 762    6    0  100.00 100.00     5      5    5      0      5     5   100.00
 763    6    0  100.00 100.00     5      5    5      0      6     6   100.00
 764   10    0  100.00 100.00     9      9    9      0      9     9   100.00
 765   10    0   88.89 100.00     8      9    8      0     10     9    90.00
 766   11    0  100.00 100.00    10     10   10      0      9     9   100.00
 767    4    0   50.00  33.33     1      2    3      0      2     2   100.00
 768   12    0  100.00 100.00     9      9    9      0     10    10   100.00
 769    4    0   50.00  33.33     1      2    3      0      2     2   100.00
 770    8    0   83.33  83.33     5      6    6      0      6     6   100.00
 771    3    0  100.00 100.00     4      4    4      0      3     3   100.00
 772   20    0   96.15  96.15    25     26   26      0     20    20   100.00
 773   23    0  100.00  90.48    19     19   21      0     21    21   100.00
 774   29    0   88.89  82.76    24     27   29      0     29    28    96.55
 775   17    0   93.75  88.24    15     16   17      0     17    17   100.00
 776   46    0   83.33  85.37    35     42   41      1     46    46   100.00
 777   18    0   93.33  87.50    14     15   16      0     18    17    94.44
 778   31    0  100.00 100.00    27     27   27      0     29    29   100.00
 779    4    0  100.00 100.00     5      5    5      0      4     3    75.00
 780   13    0   91.67  91.67    11     12   12      0     13    13   100.00
 781   29    0  100.00 100.00    25     25   25      0     29    27    93.10
 782   18    0  100.00 100.00    21     21   21      0     18    18   100.00
 783   10    0  100.00 100.00     8      8    8      0      8     8   100.00
 784   20    0  100.00 100.00    15     15   15      0     20    20   100.00
 785   10    0  100.00  88.89     8      8    9      0     10    10   100.00
 786   11    0  100.00 100.00     7      7    7      0     11    11   100.00
 787   14    0  100.00 100.00    12     12   12      0     12    11    91.67
 788   18    0   68.75  78.57    11     16   14      1     16    16   100.00
 789   10    0  100.00 100.00     7      7    7      0      8     8   100.00
 790   10    0   66.67  75.00     6      9    8      0      8     8   100.00
 791   10    0  100.00 100.00    12     12   12      0     10    10   100.00
 792   10    0  100.00 100.00    11     11   11      0     10    10   100.00
 793   13    0  100.00 100.00    13     13   13      0     13    12    92.31
 794   16    0  100.00 100.00    12     12   12      0     16    16   100.00
 795   14    0  100.00 100.00    14     14   14      0     12    12   100.00
 796   16    1    0.00   0.00     0      0    0      0      0     0     0.00
 797   11    0   55.56  71.43     5      9    7      0      9     9   100.00
 798   12    0   88.89  88.89     8      9    9      0     10     8    80.00
 799    8    0  100.00 100.00     5      5    5      0      6     6   100.00
 800    6    0  100.00 100.00     6      6    6      0      6     6   100.00
 801    7    0  100.00 100.00     6      6    6      0      7     7   100.00
 802   11    0   77.78  77.78     7      9    9      0      9     9   100.00
 803   10    0  100.00 100.00    10     10   10      0      8     8   100.00
 804    6    1    0.00   0.00     0      0    0      0      0     0     0.00
 805    8    0  100.00 100.00    10     10   10      0      7     7   100.00
 806    4    0  100.00 100.00     4      4    4      0      4     4   100.00
 807    6    0  100.00 100.00     5      5    5      0      6     5    83.33
 808    9    0  100.00 100.00     7      7    7      0      9     9   100.00
 809   15    0  100.00 100.00    14     14   14      0     15    15   100.00
 810   12    0  100.00 100.00    12     12   12      0     10     9    90.00
 811   11    0   71.43  71.43     5      7    7      0      9     8    88.89
 812   19    0   93.75  93.75    15     16   16      0     19    19   100.00
 813   10    0   75.00  75.00     6      8    8      0      8     8   100.00
 814   12    0   87.50 100.00     7      8    7      0     10     9    90.00
 815    8    0   87.50 100.00     7      8    7      0      8     6    75.00
 816   12    0   87.50 100.00     7      8    7      0     10    10   100.00
 817    7    0  100.00 100.00     5      5    5      0      6     6   100.00
 818    9    0  100.00 100.00    10     10   10      0      9     9   100.00
 819   17    0   89.47  85.00    17     19   20      0     17    15    88.24
 820    8    0  100.00 100.00     8      8    8      0      7     7   100.00
 821   10    0   87.50  87.50     7      8    8      0      8     7    87.50
 822    3    0   50.00  50.00     1      2    2      0      2     1    50.00
 823    4    0  100.00 100.00     5      5    5      0      4     4   100.00
 824   14    0  100.00 100.00    13     13   13      0     13    13   100.00
 825    6    0  100.00 100.00     6      6    6      0      6     6   100.00
 826   19    0   88.89  88.89    16     18   18      2     18    18   100.00
 827   15    0  100.00 100.00    18     18   18      0     14    14   100.00
 828   15    0   91.67  91.67    11     12   12      0     13    13   100.00
 829    7    0   85.71  85.71     6      7    7      0      6     6   100.00
 830   13    0  100.00 100.00    14     14   14      0     12    11    91.67
 831    8    0   71.43 100.00     5      7    5      0      6     6   100.00
 832    5    0  100.00 100.00     6      6    6      0      5     5   100.00
 833   15    0  100.00 100.00    13     13   13      0     13    13   100.00
 834   14    0   93.75  83.33    15     16   18      0     12    10    83.33
 835   14    0   84.62  91.67    11     13   12      1     14    14   100.00
 836    7    0   60.00  60.00     3      5    5      0      5     5   100.00
 837   14    0   84.62  84.62    11     13   13      0     12    12   100.00
 838   17    0  100.00 100.00    15     15   15      0     15    14    93.33
 839   13    0  100.00 100.00    10     10   10      0     11    11   100.00
 840    3    0  100.00 100.00     2      2    2      0      2     1    50.00
 841   16    0  100.00 100.00    16     16   16      0     16    15    93.75
 842    7    0   83.33  83.33     5      6    6      0      6     5    83.33
 843    7    0  100.00 100.00     4      4    4      0      5     5   100.00
 844   15    0  100.00 100.00    11     11   11      0     13    13   100.00
 845    8    0   83.33  83.33     5      6    6      0      6     6   100.00
 846   11    0  100.00 100.00     9      9    9      0     10     9    90.00
 847    7    0  100.00 100.00     9      9    9      0      7     7   100.00
 848    6    0   75.00  60.00     3      4    5      0      5     5   100.00
 849   10    0  100.00 100.00     7      7    7      0      8     8   100.00
 850    5    0   33.33  33.33     1      3    3      0      3     3   100.00
 851   10    0  100.00 100.00    10     10   10      0      8     6    75.00
 852   10    0  100.00 100.00     8      8    8      0      8     8   100.00
 853   12    0   90.00  90.00     9     10   10      1     10    10   100.00
 854    8    0  100.00 100.00    10     10   10      0      7     6    85.71
 855   10    0  100.00 100.00    10     10   10      0      9     8    88.89
 856   15    0   80.00  75.00    12     15   16      3     14    14   100.00
 857    9    0  100.00 100.00     6      6    6      0      8     8   100.00
 858   10    0   85.71  66.67     6      7    9      0      8     8   100.00
 859    7    0   60.00  60.00     3      5    5      0      5     5   100.00
 860   28    0  100.00  95.65    22     22   23      0     26    25    96.15
 861    5    0  100.00 100.00     5      5    5      0      4     4   100.00
 862    3    0  100.00 100.00     2      2    2      0      3     3   100.00
 863   11    0  100.00 100.00    11     11   11      0     11    11   100.00
 864    5    0   80.00  80.00     4      5    5      0      5     5   100.00
 865    5    0  100.00 100.00     4      4    4      0      4     4   100.00
 866   15    0  100.00 100.00    14     14   14      0     13    12    92.31
 867   17    0   87.50  87.50    14     16   16      0     15    15   100.00
 868   13    0  100.00 100.00    11     11   11      0     13    12    92.31
 869   11    0  100.00 100.00     8      8    8      0     11    11   100.00
 870    2    0  100.00 100.00     2      2    2      0      2     2   100.00
 871   13    0   80.00  80.00    12     15   15      0     13    13   100.00
 872   41    0   95.24  95.24    40     42   42      0     41    36    87.80
 873   10    0   77.78  87.50     7      9    8      0     10    10   100.00
 874   25    0  100.00  91.67    22     22   24      0     25    24    96.00
 875    4    0  100.00 100.00     5      5    5      0      4     4   100.00
 876    2    0  100.00 100.00     2      2    2      0      2     1    50.00
 877    7    0  100.00 100.00     8      8    8      0      7     7   100.00
 878   27    0   95.83 100.00    23     24   23      0     27    26    96.30
 879   24    0  100.00 100.00    23     23   23      0     24    22    91.67
 880   46    0   78.38  80.56    29     37   36      3     46    44    95.65
 881   29    0   88.89  92.31    24     27   26      1     29    28    96.55
 882   16    0  100.00 100.00    13     13   13      0     16    16   100.00
 883   13    0  100.00 100.00    10     10   10      0     11    11   100.00
 884    7    0  100.00 100.00     6      6    6      0      6     4    66.67
 885   20    0  100.00 100.00    20     20   20      0     19    18    94.74
 886   25    0   88.89  94.12    16     18   17      0     25    23    92.00
 887   16    0   75.00  75.00     9     12   12      1     16    15    93.75
 888   23    0   68.00  85.00    17     25   20      0     23    20    86.96
 889   13    0   92.86  92.86    13     14   14      0     13    11    84.62
 890   43    0   94.12  91.43    32     34   35      1     43    42    97.67
 891   15    0   91.67 100.00    11     12   11      0     15    14    93.33
 892   24    0   91.67  91.67    22     24   24      0     24    24   100.00
 893   37    0   75.86  81.48    22     29   27      2     37    37   100.00
 894   12    0   91.67 100.00    11     12   11      0     12    11    91.67
 895    7    0   77.78  87.50     7      9    8      0      7     7   100.00
 896   58    0   91.23  92.86    52     57   56      1     58    55    94.83
 897   26    0   92.31  85.71    24     26   28      1     26    26   100.00
 898   26    0   93.33  93.33    28     30   30      1     26    26   100.00
 899   32    0  100.00  95.65    22     22   23      0     32    30    93.75
 900    5    0  100.00 100.00     5      5    5      0      5     5   100.00
 901    7    0  100.00 100.00     6      6    6      0      7     5    71.43
 902   28    0   92.86  89.66    26     28   29      0     28    26    92.86
 903    5    0  100.00 100.00     5      5    5      0      5     5   100.00
 904   38    0   93.33  93.33    28     30   30      1     38    35    92.11
 905   14    0  100.00 100.00    17     17   17      0     14    14   100.00
 906   12    0  100.00 100.00    11     11   11      0     12    12   100.00
 907   19    0  100.00 100.00    19     19   19      0     19    19   100.00
 908   26    0   91.30  91.30    21     23   23      1     26    24    92.31
 909   17    0  100.00 100.00    17     17   17      0     17    17   100.00
 910   30    0   84.00  84.00    21     25   25      2     30    30   100.00
 911   28    0   95.65  95.65    22     23   23      0     28    27    96.43
 912   14    0   88.89 100.00     8      9    8      0     14    14   100.00
 913   33    0   96.00  92.31    24     25   26      2     33    32    96.97
 914   17    0   93.33  93.33    14     15   15      0     17    17   100.00
 915   10    0  100.00 100.00     8      8    8      0     10    10   100.00
 916   35    0  100.00  96.67    29     29   30      0     35    35   100.00
 917   22    0  100.00  96.15    25     25   26      0     22    21    95.45
 918   24    0   95.65  95.65    22     23   23      0     24    24   100.00
 919   41    0   81.82  90.00    27     33   30      2     41    40    97.56
 920   13    0  100.00 100.00    13     13   13      0     13    13   100.00
 921    5    0  100.00 100.00     5      5    5      0      5     5   100.00
 922   24    0   95.83 100.00    23     24   23      0     24    23    95.83
 923    3    0  100.00 100.00     2      2    2      0      3     2    66.67
 924   17    0   93.75  93.75    15     16   16      0     16    15    93.75
 925   20    0   85.71  92.31    12     14   13      0     20    20   100.00
 926   42    0   86.36  82.61    38     44   46      2     42    41    97.62
 927   22    0   62.50  71.43    15     24   21      2     22    22   100.00
 928   52    0  100.00 100.00    47     47   47      0     52    52   100.00
 929   16    0  100.00 100.00    14     14   14      0     15    15   100.00
 930   43    0   94.12  94.12    32     34   34      0     43    41    95.35
 931    8    0   87.50  87.50     7      8    8      0      8     7    87.50
 932   31    0   88.89  88.89    24     27   27      1     31    31   100.00
 933   26    0   85.00  80.95    17     20   21      0     26    24    92.31
 934   39    0   80.00  73.68    28     35   38      7     39    38    97.44
 935    8    0  100.00 100.00     8      8    8      0      8     8   100.00
 936   20    0  100.00  94.44    17     17   18      0     20    18    90.00
 937   41    0   75.00  77.78    21     28   27      1     41    40    97.56
 938   24    0   94.44  94.44    17     18   18      0     24    23    95.83
 939   21    0   94.12  84.21    16     17   19      1     21    17    80.95
 940   25    0   85.00  85.00    17     20   20      2     25    23    92.00
 941   18    0   93.33 100.00    14     15   14      0     18    18   100.00
 942   27    0   83.33  71.43    15     18   21      0     27    23    85.19
 943   14    0   90.91  90.91    10     11   11      0     14    13    92.86
 944   15    0  100.00 100.00    12     12   12      0     14    14   100.00
 945    7    0  100.00 100.00     6      6    6      0      7     6    85.71
 946   22    0   80.00  85.71    12     15   14      1     22    21    95.45
 947   40    0   87.10  93.10    27     31   29      0     40    36    90.00
 948   40    0   94.44  91.89    34     36   37      0     40    39    97.50
 949   29    0   80.00  82.76    24     30   29      4     29    28    96.55
 950   10    0  100.00 100.00     7      7    7      0      9     9   100.00
 951   22    0  100.00 100.00    15     15   15      0     22    21    95.45
 952   17    0   86.67  86.67    13     15   15      1     17    17   100.00
 953   25    0  100.00  93.33    14     14   15      0     25    25   100.00
 954   22    0   90.00  90.00    18     20   20      1     22    21    95.45
 955   20    0  100.00 100.00    20     20   20      0     20    20   100.00
 956   27    0   96.30 100.00    26     27   26      0     27    26    96.30
 957   41    0   89.29  80.65    25     28   31      0     40    39    97.50
 958   20    0   94.74 100.00    18     19   18      0     20    20   100.00
 959   29    0   96.67  96.67    29     30   30      0     29    28    96.55
 960   14    0  100.00 100.00    12     12   12      0     14    14   100.00
 961   53    0   88.89  88.89    32     36   36      2     53    50    94.34
 962   20    0  100.00 100.00    15     15   15      0     20    19    95.00
 963   17    0  100.00 100.00    15     15   15      0     17    17   100.00
 964    5    0  100.00 100.00     6      6    6      0      5     2    40.00
 965   17    0  100.00 100.00    14     14   14      0     17    16    94.12
 966   10    0  100.00 100.00     9      9    9      0     10    10   100.00
 967    7    0  100.00 100.00     7      7    7      0      7     7   100.00
 968   10    0   91.67 100.00    11     12   11      0     10     9    90.00
 969   22    0  100.00 100.00    23     23   23      0     22    22   100.00
 970    9    0  100.00 100.00    10     10   10      0      9     9   100.00
 971   10    0  100.00 100.00     7      7    7      0     10    10   100.00
 972    7    0  100.00 100.00     7      7    7      0      7     7   100.00
 973   13    0   81.82  81.82     9     11   11      0     11    11   100.00
 974    3    0  100.00 100.00     4      4    4      0      3     3   100.00
 975    9    0   87.50  77.78     7      8    9      0      7     7   100.00
 976   13    0  100.00 100.00    14     14   14      0     13    13   100.00
 977   12    0   92.86  92.86    13     14   14      0     10     9    90.00
 978    8    0  100.00 100.00    10     10   10      0      8     8   100.00
 979   11    0   90.00 100.00     9     10    9      0      9     9   100.00
 980   23    0   96.30  96.30    26     27   27      0     23    23   100.00
 981   12    0  100.00 100.00    10     10   10      0     10    10   100.00
 982    4    0  100.00 100.00     2      2    2      0      2     2   100.00
 983   13    0  100.00 100.00     9      9    9      0     11    11   100.00
 984    7    0   80.00  80.00     4      5    5      0      5     5   100.00
 985    7    0  100.00 100.00     5      5    5      0      5     5   100.00
 986   12    0   93.75  93.75    15     16   16      0     11    11   100.00
 987    7    0  100.00 100.00     5      5    5      0      6     6   100.00
 988   10    0  100.00 100.00    12     12   12      0     10    10   100.00
 989   10    0   90.91  90.91    10     11   11      0     10    10   100.00
 990   24    0  100.00  95.24    20     20   21      0     22    22   100.00
 991   22    0  100.00  96.00    24     24   25      0     22    22   100.00
 992   11    0  100.00 100.00    11     11   11      0     11    10    90.91
 993    9    0  100.00 100.00    13     13   13      0      9     9   100.00
 994   16    1    0.00   0.00     0      0    0      0      0     0     0.00
 995   10    0   71.43  62.50     5      7    8      0      8     6    75.00
 996   11    0  100.00 100.00    10     10   10      0      9     9   100.00
 997    6    0  100.00 100.00     5      5    5      0      6     6   100.00
 998   11    0   87.50  87.50     7      8    8      0      9     9   100.00
 999   13    0  100.00 100.00    12     12   12      0     13    13   100.00
1000    7    0  100.00 100.00     5      5    5      0      5     5   100.00
1001    6    0  100.00 100.00     5      5    5      0      5     5   100.00
1002    8    0  100.00 100.00    11     11   11      0      8     8   100.00
1003   19    0   95.00  95.00    19     20   20      0     19    19   100.00
1004    7    0  100.00 100.00    10     10   10      0      7     7   100.00
1005    7    0  100.00 100.00     7      7    7      0      6     6   100.00
1006   15    0  100.00 100.00    14     14   14      0     13    13   100.00
1007   11    0  100.00 100.00     8      8    8      0     10    10   100.00
1008    7    0  100.00 100.00     5      5    5      0      6     5    83.33
1009   12    0  100.00 100.00    12     12   12      0     12    12   100.00
1010   11    0  100.00 100.00    11     11   11      0     11    11   100.00
1011    5    0  100.00  85.71     6      6    7      0      5     5   100.00
1012   11    0  100.00 100.00    13     13   13      0     11    11   100.00
1013   11    0   77.78  77.78     7      9    9      0      9     9   100.00
1014    7    0  100.00 100.00     5      5    5      0      5     5   100.00
1015   19    0   83.33  88.24    15     18   17      1     18    17    94.44
1016    7    0  100.00 100.00     8      8    8      0      6     6   100.00
1017   14    0   94.44 100.00    17     18   17      0     14    14   100.00
1018    6    0  100.00 100.00     7      7    7      0      6     6   100.00
1019    5    0  100.00 100.00     7      7    7      0      5     5   100.00
1020   15    0   80.00  75.00    12     15   16      1     15    15   100.00
1021    4    0  100.00 100.00     5      5    5      0      4     3    75.00
1022   12    0  100.00 100.00    16     16   16      0     12    12   100.00
1023   15    0   94.44  94.44    17     18   18      0     15    12    80.00
1024   46    0   75.56  79.07    34     45   43      9     46    44    95.65
1025    6    0  100.00  66.67     2      2    3      0      6     6   100.00
1026    8    0  100.00 100.00    10     10   10      0      8     8   100.00
1027   22    0   95.83  92.00    23     24   25      1     22    22   100.00
1028    6    0  100.00 100.00     5      5    5      0      6     6   100.00
1029   20    0   80.00  70.59    12     15   17      3     20    16    80.00
1030    7    0  100.00 100.00     6      6    6      0      7     6    85.71
1031    1    0  100.00 100.00     2      2    2      0      1     1   100.00
1032    1    0  100.00 100.00     2      2    2      0      1     0     0.00
1033   20    0  100.00 100.00    21     21   21      0     20    20   100.00
1034   33    0   88.89  88.89    32     36   36      0     33    33   100.00
1035   18    0  100.00 100.00    16     16   16      0     18    17    94.44
1036   23    0   66.67  70.59    12     18   17      4     23    23   100.00
1037   16    0   85.71  85.71    12     14   14      0     16    16   100.00
1038   45    0   90.70  97.50    39     43   40      1     45    45   100.00
1039   24    0   91.67  84.62    22     24   26      0     24    24   100.00
1040   23    0  100.00  83.33    15     15   18      0     23    20    86.96
1041   12    0   92.31  92.31    12     13   13      0     12    11    91.67
1042    3    0  100.00 100.00     2      2    2      0      3     1    33.33
1043   16    0   78.57  73.33    11     14   15      1     16    16   100.00
1044   32    0  100.00  96.88    31     31   32      0     32    30    93.75
1045   31    0   88.00  88.00    22     25   25      1     31    31   100.00
1046   61    0   95.24  93.75    60     63   64      3     61    56    91.80
1047   10    0   81.82  81.82     9     11   11      0     10    10   100.00
1048   11    0  100.00 100.00    12     12   12      0     11    10    90.91
1049   17    0   73.33  73.33    11     15   15      3     17    16    94.12
1050   18    0   94.44  94.44    17     18   18      0     18    17    94.44
1051   21    0   90.91  66.67    10     11   15      1     21    20    95.24
1052   15    0  100.00 100.00    11     11   11      0     15    15   100.00
1053   21    0  100.00 100.00    17     17   17      0     21    21   100.00
1054   28    0   91.30  91.30    21     23   23      2     28    28   100.00
1055    3    0  100.00 100.00     2      2    2      0      3     2    66.67
1056   40    0   94.29  94.29    33     35   35      0     40    38    95.00
1057   38    0  100.00  97.50    39     39   40      0     36    35    97.22
1058   12    0  100.00 100.00    11     11   11      0     12    12   100.00
1059   24    0   92.86  92.86    26     28   28      0     24    24   100.00
1060   39    0   97.67  97.67    42     43   43      0     39    38    97.44
1061   24    0  100.00 100.00    26     26   26      0     24    24   100.00
1062    4    0  100.00 100.00     2      2    2      0      4     4   100.00
1063   27    0  100.00 100.00    28     28   28      0     27    26    96.30
1064   19    0  100.00 100.00    16     16   16      0     19    19   100.00
1065   26    0  100.00 100.00    27     27   27      0     26    26   100.00
1066   28    0   89.66  92.86    26     29   28      0     28    26    92.86
1067   30    0   93.33  96.55    28     30   29      0     30    28    93.33
1068   20    0   95.24  90.91    20     21   22      0     20    20   100.00
1069    4    0  100.00 100.00     4      4    4      0      4     4   100.00
1070    4    0  100.00 100.00     3      3    3      0      4     4   100.00
============================================================================
                 92.85  92.56  14288 15388 15437    344  16762 16169    96.46
=== Summary ===

-- All --
Number of sentence        =   1070
Number of Error sentence  =     13
Number of Skip  sentence  =      0
Number of Valid sentence  =   1057
Bracketing Recall         =  92.85
Bracketing Precision      =  92.56
Bracketing FMeasure       =  92.70
Complete match            =  51.75
Average crossing          =   0.33
No crossing               =  85.62
2 or less crossing        =  95.84
Tagging accuracy          =  96.46

-- len<=40 --
Number of sentence        =   1020
Number of Error sentence  =     12
Number of Skip  sentence  =      0
Number of Valid sentence  =   1008
Bracketing Recall         =  93.35
Bracketing Precision      =  93.02
Bracketing FMeasure       =  93.19
Complete match            =  53.97
Average crossing          =   0.24
No crossing               =  87.90
2 or less crossing        =  96.92
Tagging accuracy          =  96.58
