  Sent.                        Matched  Bracket   Cross        Correct Tag
 ID  Len.  Stat. Recal  Prec.  Bracket gold test Bracket Words  Tags Accracy
============================================================================
   1   19    0  100.00  91.67    11     11   12      0     17    17   100.00
   2    6    0  100.00 100.00     4      4    4      0      6     6   100.00
   3   36    0   83.33  76.92    20     24   26      4     34    33    97.06
   4   43    0   92.11  89.74    35     38   39      0     43    43   100.00
   5   14    0   92.31  92.31    12     13   13      0     14    14   100.00
   6   34    0   96.30  92.86    26     27   28      0     34    34   100.00
   7   13    0  100.00  88.89     8      8    9      0     13    13   100.00
   8    6    0  100.00  80.00     4      4    5      0      6     5    83.33
   9   36    0   92.59  96.15    25     27   26      0     36    35    97.22
  10    8    0  100.00 100.00     6      6    6      0      8     8   100.00
  11   31    0   65.22  68.18    15     23   22      5     31    31   100.00
  12   18    0  100.00 100.00    20     20   20      0     18    18   100.00
  13   14    0   91.67  91.67    11     12   12      0     14    14   100.00
  14   49    0   96.15  86.21    25     26   29      1     47    47   100.00
  15   24    0   88.89  84.21    16     18   19      1     24    24   100.00
  16   53    0   76.19  78.05    32     42   41      6     50    50   100.00
  17   34    0   90.91  90.91    30     33   33      3     33    33   100.00
  18   10    0  100.00 100.00     8      8    8      0     10    10   100.00
  19   11    0   84.62 100.00    11     13   11      0     11    11   100.00
  20   37    0   90.62  96.67    29     32   30      0     37    37   100.00
  21   12    0  100.00 100.00    11     11   11      0     12    12   100.00
  22   19    0   92.31  80.00    12     13   15      0     19    19   100.00
  23   34    0  100.00  82.61    19     19   23      0     30    30   100.00
  24   46    0   85.11  86.96    40     47   46      4     46    45    97.83
  25   42    0   97.50  95.12    39     40   41      0     42    42   100.00
  26   40    0   96.77  96.77    30     31   31      0     40    40   100.00
  27   19    0   90.48  95.00    19     21   20      0     19    19   100.00
  28   10    0  100.00 100.00     9      9    9      0     10    10   100.00
  29   25    0   88.24  93.75    15     17   16      0     21    21   100.00
  30   18    0  100.00 100.00    16     16   16      0     18    18   100.00
  31   15    0   93.33  93.33    14     15   15      0     15    14    93.33
  32   19    0   92.31  92.31    12     13   13      0     17    17   100.00
  33   17    0  100.00 100.00    13     13   13      0     16    16   100.00
  34   29    0  100.00  95.83    23     23   24      0     28    28   100.00
  35   21    0  100.00 100.00    19     19   19      0     21    21   100.00
  36   36    0   89.19  89.19    33     37   37      0     36    36   100.00
  37    6    0  100.00 100.00     6      6    6      0      6     6   100.00
  38   23    0  100.00 100.00    16     16   16      0     23    23   100.00
  39   13    0  100.00 100.00    12     12   12      0     13    13   100.00
  40    8    0   71.43  71.43     5      7    7      0      8     8   100.00
  41    6    0  100.00 100.00     4      4    4      0      6     6   100.00
  42   34    0   96.97  96.97    32     33   33      0     34    34   100.00
  43   26    0   87.50  80.77    21     24   26      4     26    25    96.15
  44   16    0   66.67  83.33    10     15   12      2     16    16   100.00
  45   19    0  100.00 100.00    14     14   14      0     19    19   100.00
  46   34    0   91.43  94.12    32     35   34      1     34    34   100.00
  47   29    0   75.00  77.78    21     28   27      4     29    29   100.00
  48   30    0   88.46  95.83    23     26   24      0     30    29    96.67
  49   42    0  100.00  97.22    35     35   36      0     40    40   100.00
  50   22    0   95.83  95.83    23     24   24      0     22    22   100.00
  51   28    0   87.50  91.30    21     24   23      1     28    27    96.43
  52   47    0   94.87  88.10    37     39   42      0     45    43    95.56
  53   19    0  100.00 100.00    20     20   20      0     19    19   100.00
  54   13    0  100.00 100.00    14     14   14      0     13    13   100.00
  55    7    0  100.00  83.33     5      5    6      0      7     7   100.00
  56    6    0  100.00 100.00     4      4    4      0      6     6   100.00
  57   26    0   81.82  78.26    18     22   23      3     26    26   100.00
  58   34    0   73.33  70.97    22     30   31      6     34    34   100.00
  59   25    0   90.48  82.61    19     21   23      0     25    25   100.00
  60   33    0   85.19  82.14    23     27   28      2     33    32    96.97
  61    9    0   50.00  42.86     3      6    7      1      9     9   100.00
  62    7    0   66.67  80.00     4      6    5      1      7     7   100.00
  63   23    0   83.33  83.33    20     24   24      3     23    23   100.00
  64    7    0  100.00 100.00     5      5    5      0      7     7   100.00
  65   22    0   94.12  94.12    16     17   17      0     22    22   100.00
  66   18    1    0.00   0.00     0      0    0      0      0     0     0.00
  67   20    0   68.42  72.22    13     19   18      4     18    18   100.00
  68    9    0  100.00  66.67     4      4    6      0      9     9   100.00
  69   21    1    0.00   0.00     0      0    0      0      0     0     0.00
  70   18    0   50.00  57.14     8     16   14      6     18    18   100.00
  71   34    0  100.00  93.33    28     28   30      0     34    33    97.06
  72   17    1    0.00   0.00     0      0    0      0      0     0     0.00
  73   15    0  100.00 100.00    13     13   13      0     15    15   100.00
  74   36    0  100.00  93.10    27     27   29      0     36    36   100.00
  75   22    0   80.95  77.27    17     21   22      2     22    22   100.00
  76   10    1    0.00   0.00     0      0    0      0      0     0     0.00
  77   20    0   87.50  87.50    21     24   24      3     20    18    90.00
  78   25    0   90.48  86.36    19     21   22      1     25    24    96.00
  79   12    0  100.00  91.67    11     11   12      0     12    12   100.00
  80    6    0  100.00 100.00     4      4    4      0      6     6   100.00
  81   10    0  100.00  87.50     7      7    8      0     10    10   100.00
  82    6    0   25.00  50.00     1      4    2      0      5     5   100.00
  83    9    0  100.00 100.00     9      9    9      0      9     9   100.00
  84   11    0   92.31  92.31    12     13   13      0     11    11   100.00
  85    8    0  100.00 100.00    11     11   11      0      7     7   100.00
  86   14    0  100.00 100.00    13     13   13      0     14    14   100.00
  87   20    1    0.00   0.00     0      0    0      0      0     0     0.00
  88   40    0   97.22  94.59    35     36   37      0     40    39    97.50
  89   27    0   82.61  70.37    19     23   27      4     27    27   100.00
  90   18    1    0.00   0.00     0      0    0      0      0     0     0.00
  91   34    0  100.00  92.00    23     23   25      0     34    34   100.00
  92    8    0   42.86  30.00     3      7   10      3      8     8   100.00
  93    6    0  100.00 100.00     4      4    4      0      6     6   100.00
  94    9    0   87.50  87.50     7      8    8      0      9     9   100.00
  95   31    0   90.91  95.24    20     22   21      0     31    31   100.00
  96   44    0   84.85  75.68    28     33   37      3     42    42   100.00
  97   23    0   87.50  87.50    21     24   24      0     23    23   100.00
  98   14    0  100.00 100.00    11     11   11      0     14    13    92.86
  99   13    0  100.00 100.00    13     13   13      0     13    13   100.00
 100   30    0   91.30  95.45    21     23   22      0     28    28   100.00
 101   26    0   79.17  90.48    19     24   21      1     24    23    95.83
 102   25    0   94.74 100.00    18     19   18      0     25    24    96.00
 103   32    0   86.67  83.87    26     30   31      1     32    32   100.00
 104   28    0   96.00  96.00    24     25   25      0     28    27    96.43
 105    8    0   90.91  90.91    10     11   11      0      8     8   100.00
 106    6    0  100.00 100.00     4      4    4      0      6     6   100.00
 107   46    0   82.22  77.08    37     45   48      7     46    46   100.00
 108   19    0   62.50  58.82    10     16   17      5     19    19   100.00
 109   20    0   78.95  75.00    15     19   20      3     20    20   100.00
 110    5    0  100.00 100.00     4      4    4      0      5     5   100.00
 111   24    0  100.00 100.00    18     18   18      0     24    23    95.83
 112   10    0   90.00 100.00     9     10    9      0     10    10   100.00
 113   22    0   94.12  84.21    16     17   19      1     22    22   100.00
 114   32    0   66.67  66.67    16     24   24      4     32    32   100.00
 115   26    0  100.00  95.45    21     21   22      0     26    26   100.00
 116   29    0   86.36  73.08    19     22   26      1     29    28    96.55
 117   24    0  100.00 100.00    22     22   22      0     24    24   100.00
 118   23    0  100.00 100.00    24     24   24      0     23    23   100.00
 119   20    0   91.30  87.50    21     23   24      1     20    20   100.00
 120   23    0   96.15  96.15    25     26   26      0     23    23   100.00
 121   25    0  100.00 100.00    23     23   23      0     25    25   100.00
 122   11    0  100.00 100.00    11     11   11      0     11    11   100.00
 123   28    0   96.00  96.00    24     25   25      0     28    28   100.00
 124   74    0   74.60  69.12    47     63   68     12     72    72   100.00
 125   34    1    0.00   0.00     0      0    0      0      0     0     0.00
 126   26    0   96.00  96.00    24     25   25      0     26    26   100.00
 127    3    0  100.00 100.00     4      4    4      0      3     3   100.00
 128   17    0   80.00  92.31    12     15   13      1     16    16   100.00
 129   25    0   75.00  72.00    18     24   25      5     25    23    92.00
 130   22    0  100.00  90.00    18     18   20      0     21    21   100.00
 131   53    1    0.00   0.00     0      0    0      0      0     0     0.00
 132   34    0  100.00 100.00    29     29   29      0     34    34   100.00
 133   15    0   92.86  92.86    13     14   14      0     15    15   100.00
 134   28    0   95.65  91.67    22     23   24      0     28    28   100.00
 135   41    0   91.43  88.89    32     35   36      0     37    37   100.00
 136   20    0   88.89  88.89    16     18   18      1     20    20   100.00
 137   19    0   86.67  81.25    13     15   16      1     19    19   100.00
 138   22    0  100.00 100.00    18     18   18      0     22    22   100.00
 139   71    1    0.00   0.00     0      0    0      0      0     0     0.00
 140   13    0  100.00  91.67    11     11   12      0     13    13   100.00
 141    6    0  100.00 100.00     4      4    4      0      6     6   100.00
 142   28    0  100.00  95.00    19     19   20      0     28    27    96.43
 143   42    1    0.00   0.00     0      0    0      0      0     0     0.00
 144   24    1    0.00   0.00     0      0    0      0      0     0     0.00
 145    2    0  100.00 100.00     2      2    2      0      2     2   100.00
 146   10    0  100.00 100.00     8      8    8      0     10    10   100.00
 147   29    1    0.00   0.00     0      0    0      0      0     0     0.00
 148   38    1    0.00   0.00     0      0    0      0      0     0     0.00
 149   33    1    0.00   0.00     0      0    0      0      0     0     0.00
 150   37    1    0.00   0.00     0      0    0      0      0     0     0.00
 151    4    0  100.00 100.00     5      5    5      0      4     4   100.00
 152    4    0  100.00 100.00     3      3    3      0      4     3    75.00
 153   44    0   91.67  75.86    22     24   29      0     44    44   100.00
 154   23    0   64.29  60.00     9     14   15      2     23    23   100.00
 155   21    1    0.00   0.00     0      0    0      0      0     0     0.00
 156   21    1    0.00   0.00     0      0    0      0      0     0     0.00
 157   31    1    0.00   0.00     0      0    0      0      0     0     0.00
 158    5    0  100.00 100.00     5      5    5      0      5     5   100.00
 159    6    0  100.00 100.00     3      3    3      0      6     6   100.00
 160   21    1    0.00   0.00     0      0    0      0      0     0     0.00
 161   14    1    0.00   0.00     0      0    0      0      0     0     0.00
 162   31    0   85.71  85.71    18     21   21      1     31    31   100.00
 163   32    1    0.00   0.00     0      0    0      0      0     0     0.00
 164   17    0  100.00  76.92    10     10   13      0     17    17   100.00
 165    4    0  100.00 100.00     5      5    5      0      4     4   100.00
 166    4    0  100.00 100.00     5      5    5      0      4     4   100.00
 167   41    1    0.00   0.00     0      0    0      0      0     0     0.00
 168   28    1    0.00   0.00     0      0    0      0      0     0     0.00
 169   22    1    0.00   0.00     0      0    0      0      0     0     0.00
 170    5    0  100.00 100.00     5      5    5      0      5     5   100.00
 171    6    0   57.14  80.00     4      7    5      1      6     6   100.00
 172   24    1    0.00   0.00     0      0    0      0      0     0     0.00
 173   15    1    0.00   0.00     0      0    0      0      0     0     0.00
 174   14    1    0.00   0.00     0      0    0      0      0     0     0.00
 175   12    0  100.00 100.00     8      8    8      0     12    12   100.00
 176   23    0   92.86  86.67    13     14   15      0     23    23   100.00
 177    6    1    0.00   0.00     0      0    0      0      0     0     0.00
 178   10    1    0.00   0.00     0      0    0      0      0     0     0.00
 179   43    0   95.45  80.77    21     22   26      0     41    41   100.00
 180   16    1    0.00   0.00     0      0    0      0      0     0     0.00
 181   34    1    0.00   0.00     0      0    0      0      0     0     0.00
 182   10    0   50.00  66.67     4      8    6      1     10    10   100.00
 183   18    1    0.00   0.00     0      0    0      0      0     0     0.00
 184   26    1    0.00   0.00     0      0    0      0      0     0     0.00
 185   34    0   60.00  57.69    15     25   26      9     34    34   100.00
 186   30    0  100.00  96.00    24     24   25      0     30    29    96.67
 187   52    0   92.50  88.10    37     40   42      2     52    52   100.00
 188   14    0  100.00 100.00     9      9    9      0     14    14   100.00
 189   10    0  100.00 100.00     8      8    8      0     10     8    80.00
 190   10    0   70.00  77.78     7     10    9      0     10     9    90.00
 191    6    0  100.00 100.00     4      4    4      0      6     6   100.00
 192   15    0   92.31  92.31    12     13   13      0     15    15   100.00
 193    5    0  100.00 100.00     4      4    4      0      5     5   100.00
 194   31    0  100.00  95.65    22     22   23      0     31    31   100.00
 195   26    0  100.00  85.71    18     18   21      0     26    26   100.00
 196   24    0  100.00 100.00    20     20   20      0     24    24   100.00
 197   25    0   95.83  88.46    23     24   26      0     25    25   100.00
 198   23    0  100.00  81.25    13     13   16      0     23    22    95.65
 199   16    0  100.00 100.00    11     11   11      0     16    16   100.00
 200   31    0   88.46  85.19    23     26   27      3     31    31   100.00
 201   21    0   82.35  82.35    14     17   17      1     21    20    95.24
 202   36    0   88.00  84.62    22     25   26      2     36    36   100.00
 203   14    0   92.86  92.86    13     14   14      0     14    14   100.00
 204   21    0   93.33  82.35    14     15   17      0     21    21   100.00
 205   26    0   68.42  65.00    13     19   20      5     26    26   100.00
 206   20    1    0.00   0.00     0      0    0      0      0     0     0.00
 207   16    0   91.67 100.00    11     12   11      0     16    15    93.75
 208   28    0   60.87  73.68    14     23   19      1     26    25    96.15
 209   27    0   94.44  85.00    17     18   20      1     27    27   100.00
 210    3    0  100.00  66.67     2      2    3      0      3     3   100.00
 211    5    0  100.00 100.00     4      4    4      0      5     5   100.00
 212    5    0   75.00  85.71     6      8    7      0      5     5   100.00
 213   26    0   94.44  80.95    17     18   21      0     26    25    96.15
 214   21    0   90.00  90.00    18     20   20      0     21    21   100.00
 215   18    0   93.33  87.50    14     15   16      0     18    17    94.44
 216   22    0   91.67  84.62    11     12   13      1     22    21    95.45
 217   14    0   60.00  66.67     6     10    9      2     14    14   100.00
 218    5    0  100.00 100.00     4      4    4      0      5     5   100.00
 219    8    0  100.00  83.33     5      5    6      0      8     8   100.00
 220    5    0  100.00 100.00     4      4    4      0      5     5   100.00
 221    8    0   71.43 100.00     5      7    5      0      8     7    87.50
 222    5    0  100.00 100.00     4      4    4      0      5     5   100.00
 223    6    0  100.00 100.00     5      5    5      0      6     6   100.00
 224    6    0  100.00 100.00     5      5    5      0      6     6   100.00
 225    5    0  100.00 100.00     4      4    4      0      5     5   100.00
 226   23    1    0.00   0.00     0      0    0      0      0     0     0.00
 227   19    0   94.44  89.47    17     18   19      1     19    19   100.00
 228   18    0  100.00 100.00    14     14   14      0     16    16   100.00
 229   28    0  100.00  91.67    22     22   24      0     28    27    96.43
 230   35    0   77.42  75.00    24     31   32      5     35    34    97.14
 231    1    0  100.00 100.00     2      2    2      0      1     1   100.00
 232    1    0  100.00 100.00     2      2    2      0      1     1   100.00
 233    5    0  100.00 100.00     4      4    4      0      5     5   100.00
 234    1    0  100.00 100.00     2      2    2      0      1     1   100.00
 235    5    0  100.00 100.00     4      4    4      0      5     5   100.00
 236    5    0  100.00 100.00     4      4    4      0      5     5   100.00
 237    1    0  100.00 100.00     2      2    2      0      1     1   100.00
 238   15    0   77.78  70.00     7      9   10      2     13    12    92.31
 239    5    0  100.00 100.00     4      4    4      0      5     5   100.00
 240    7    0  100.00 100.00     5      5    5      0      7     7   100.00
 241    6    0  100.00 100.00     5      5    5      0      6     6   100.00
 242    5    0  100.00 100.00     4      4    4      0      5     5   100.00
 243    5    0  100.00 100.00     5      5    5      0      5     5   100.00
 244    5    0  100.00 100.00     4      4    4      0      5     5   100.00
 245   10    0  100.00 100.00    13     13   13      0     10    10   100.00
 246    6    0  100.00 100.00     4      4    4      0      6     6   100.00
 247   39    0  100.00  93.55    29     29   31      0     39    39   100.00
 248    7    0  100.00 100.00     5      5    5      0      7     7   100.00
 249   15    0   88.89  80.00     8      9   10      0     15    15   100.00
 250   10    0  100.00 100.00     8      8    8      0     10    10   100.00
 251   34    0   92.59  89.29    25     27   28      0     34    34   100.00
 252   36    0  100.00  93.10    27     27   29      0     36    35    97.22
 253   42    0   93.33  90.32    28     30   31      0     40    40   100.00
 254   20    0   81.82  81.82    18     22   22      3     20    20   100.00
 255   27    0  100.00 100.00    24     24   24      0     27    27   100.00
 256   21    0   88.24  83.33    15     17   18      0     19    19   100.00
 257   21    0   92.86  92.86    13     14   14      0     21    19    90.48
 258   32    0   95.24  86.96    20     21   23      0     30    29    96.67
 259   42    0   91.43  82.05    32     35   39      1     42    42   100.00
 260   15    0   82.35  87.50    14     17   16      2     15    15   100.00
 261   26    0  100.00 100.00    20     20   20      0     26    25    96.15
 262   16    0  100.00 100.00    13     13   13      0     16    16   100.00
 263    6    0   87.50  87.50     7      8    8      0      6     6   100.00
 264    6    0  100.00 100.00     4      4    4      0      6     6   100.00
 265   35    0   90.62  93.55    29     32   31      1     35    34    97.14
 266   27    0   95.24  83.33    20     21   24      1     23    23   100.00
 267   39    0   93.10  90.00    27     29   30      1     37    37   100.00
 268   32    0  100.00 100.00    32     32   32      0     32    32   100.00
 269   26    0   61.11  73.33    11     18   15      4     24    23    95.83
 270   43    0   87.50  90.32    28     32   31      2     41    41   100.00
 271   52    0   97.92  97.92    47     48   48      0     51    50    98.04
 272   32    0   96.30 100.00    26     27   26      0     31    27    87.10
 273   41    0   73.53  71.43    25     34   35      4     37    37   100.00
 274   35    0   93.33  87.50    28     30   32      1     34    33    97.06
 275   25    0   84.21  84.21    16     19   19      0     22    22   100.00
 276   33    0   60.71  60.71    17     28   28      7     31    31   100.00
 277   21    0   95.24  95.24    20     21   21      0     20    20   100.00
 278   31    0   76.00  76.00    19     25   25      3     30    29    96.67
 279    8    0  100.00 100.00     7      7    7      0      8     8   100.00
 280   32    0   69.70  60.53    23     33   38      9     30    29    96.67
 281   34    0   92.59  92.59    25     27   27      0     34    33    97.06
 282   48    0   90.91  78.95    30     33   38      0     48    47    97.92
 283   39    0   94.12  88.89    32     34   36      0     37    37   100.00
 284   29    0   86.36  86.36    19     22   22      1     29    28    96.55
 285   34    0   81.82  75.00    18     22   24      2     34    34   100.00
 286   10    0  100.00 100.00    11     11   11      0     10    10   100.00
 287    6    0  100.00 100.00     4      4    4      0      6     6   100.00
 288   40    0   74.19  69.70    23     31   33      5     40    40   100.00
 289   30    0   90.32  90.32    28     31   31      1     30    30   100.00
 290   21    0  100.00 100.00    18     18   18      0     21    21   100.00
 291    6    0  100.00 100.00     5      5    5      0      6     6   100.00
 292    4    0  100.00 100.00     4      4    4      0      4     4   100.00
 293   24    0  100.00 100.00    21     21   21      0     24    24   100.00
 294   15    0  100.00  92.31    12     12   13      0     15    15   100.00
 295   39    0   90.00  93.10    27     30   29      0     39    39   100.00
 296   74    0   77.78  87.50    49     63   56      3     72    71    98.61
 297    9    0  100.00 100.00    10     10   10      0      9     9   100.00
 298   50    0   97.22  94.59    35     36   37      0     48    47    97.92
 299   33    0  100.00  95.83    23     23   24      0     33    33   100.00
 300   27    0   96.55  96.55    28     29   29      0     27    27   100.00
 301   30    0  100.00  96.30    26     26   27      0     28    28   100.00
 302   51    0   82.22  84.09    37     45   44      1     51    50    98.04
 303   13    0  100.00 100.00    11     11   11      0     13    13   100.00
 304   26    0   82.35  82.35    14     17   17      2     24    22    91.67
 305   40    0   97.22 100.00    35     36   35      0     40    39    97.50
 306   34    0   83.33  76.92    30     36   39      2     34    33    97.06
 307   52    0   86.96  86.96    40     46   46      6     52    50    96.15
 308   15    0  100.00 100.00    15     15   15      0     15    15   100.00
 309    8    0   55.56  50.00     5      9   10      3      8     8   100.00
 310    6    0  100.00 100.00     4      4    4      0      6     6   100.00
 311   39    0   90.32  84.85    28     31   33      0     39    39   100.00
 312    9    0  100.00 100.00     8      8    8      0      9     9   100.00
 313   33    0   87.50  87.50    21     24   24      2     31    30    96.77
 314   13    0  100.00 100.00    11     11   11      0     13    12    92.31
 315   12    0   71.43  62.50     5      7    8      1     11    11   100.00
 316    7    0  100.00 100.00     5      5    5      0      7     7   100.00
 317   34    0   79.31  74.19    23     29   31      4     31    31   100.00
 318    8    0  100.00 100.00     6      6    6      0      8     8   100.00
 319   23    0  100.00 100.00    21     21   21      0     23    23   100.00
 320   26    0   84.21  80.00    16     19   20      2     26    26   100.00
 321   51    0   82.86  80.56    29     35   36      3     50    47    94.00
 322    7    0  100.00 100.00     6      6    6      0      7     7   100.00
 323   20    0   88.89  94.12    16     18   17      1     19    19   100.00
 324    8    0  100.00 100.00     8      8    8      0      8     8   100.00
 325   43    0   90.00  84.38    27     30   32      3     43    42    97.67
 326   30    0  100.00  90.48    19     19   21      0     28    28   100.00
 327   32    0   88.00  84.62    22     25   26      2     30    30   100.00
 328   21    0  100.00 100.00    17     17   17      0     21    20    95.24
 329   30    0   93.10  87.10    27     29   31      0     30    30   100.00
 330   11    0  100.00  88.89     8      8    9      0     11    11   100.00
 331   16    0   93.33  93.33    14     15   15      0     16    16   100.00
 332   11    0  100.00 100.00    14     14   14      0     11    11   100.00
 333    6    0  100.00 100.00     4      4    4      0      6     6   100.00
 334   32    0   95.83  92.00    23     24   25      1     32    31    96.88
 335   11    0   66.67  72.73     8     12   11      2     11    11   100.00
 336   29    0   89.66  89.66    26     29   29      2     29    29   100.00
 337    8    0   62.50  83.33     5      8    6      0      8     8   100.00
 338   16    0  100.00 100.00    14     14   14      0     16    16   100.00
 339   25    0   92.00  95.83    23     25   24      0     25    25   100.00
 340   22    0   95.65  95.65    22     23   23      0     22    22   100.00
 341   29    0   93.75  96.77    30     32   31      1     29    29   100.00
 342   27    0   90.00  90.00    27     30   30      1     27    27   100.00
 343   31    1    0.00   0.00     0      0    0      0      0     0     0.00
 344   25    0   84.62  84.62    22     26   26      3     25    25   100.00
 345   29    1    0.00   0.00     0      0    0      0      0     0     0.00
 346   20    0  100.00 100.00    19     19   19      0     20    20   100.00
 347   16    0  100.00 100.00    13     13   13      0     16    16   100.00
 348   29    0   76.92  74.07    20     26   27      6     29    29   100.00
 349   13    0   90.00  90.00     9     10   10      0     13    13   100.00
 350   15    0  100.00 100.00    10     10   10      0     15    15   100.00
 351   11    0  100.00  90.91    10     10   11      0      9     9   100.00
 352   13    0   92.86 100.00    13     14   13      0     13    13   100.00
 353   22    0  100.00 100.00    25     25   25      0     22    21    95.45
 354   14    0   84.62  78.57    11     13   14      3     14    14   100.00
 355    6    0  100.00 100.00     6      6    6      0      6     6   100.00
 356    6    0  100.00 100.00     4      4    4      0      6     6   100.00
 357   18    0   92.31  75.00    12     13   16      3     18    17    94.44
 358   29    0   76.92  90.91    20     26   22      1     29    28    96.55
 359   24    0   94.12 100.00    16     17   16      0     22    22   100.00
 360   30    0   86.96  76.92    20     23   26      2     30    28    93.33
 361   13    0  100.00 100.00    12     12   12      0     13    13   100.00
 362   20    0  100.00  95.45    21     21   22      0     20    20   100.00
 363   42    1    0.00   0.00     0      0    0      0      0     0     0.00
 364   22    0  100.00  90.48    19     19   21      0     22    20    90.91
 365   17    0   92.86  86.67    13     14   15      1     17    17   100.00
 366   17    0  100.00 100.00    15     15   15      0     15    15   100.00
 367   13    0  100.00 100.00    12     12   12      0     13    12    92.31
 368   43    0   97.44  95.00    38     39   40      1     43    43   100.00
 369   17    0   92.31  92.31    12     13   13      0     17    16    94.12
 370   27    0   95.83  88.46    23     24   26      0     27    26    96.30
 371   47    0   95.00  92.68    38     40   41      1     45    44    97.78
 372   31    0   96.67  96.67    29     30   30      0     31    31   100.00
 373   28    0   95.83  92.00    23     24   25      0     28    26    92.86
 374   15    0  100.00 100.00    13     13   13      0     15    14    93.33
 375   20    0   75.00  75.00    12     16   16      4     20    19    95.00
 376   28    0  100.00  96.15    25     25   26      0     28    27    96.43
 377   15    0  100.00 100.00    15     15   15      0     15    15   100.00
 378   18    0  100.00 100.00    20     20   20      0     17    17   100.00
 379   72    0   96.36  94.64    53     55   56      0     71    71   100.00
 380   66    0   81.36  82.76    48     59   58      6     64    63    98.44
 381   24    0   90.48  95.00    19     21   20      0     24    22    91.67
 382   17    0   92.31 100.00    12     13   12      0     17    17   100.00
 383   26    0   86.36  95.00    19     22   20      1     26    25    96.15
 384   20    0   76.47  68.42    13     17   19      2     20    18    90.00
 385   11    0  100.00 100.00    15     15   15      0     11    11   100.00
 386   20    0   94.74  94.74    18     19   19      0     19    19   100.00
 387   32    0  100.00 100.00    28     28   28      0     31    29    93.55
 388   15    0   91.67  91.67    11     12   12      0     14    14   100.00
 389   17    0   93.33  93.33    14     15   15      0     16    16   100.00
 390   25    0   86.36  79.17    19     22   24      1     25    25   100.00
 391   14    0  100.00 100.00    17     17   17      0     14    14   100.00
 392   24    0   70.83  73.91    17     24   23      5     23    23   100.00
 393   59    0   65.00  68.42    39     60   57     14     58    55    94.83
 394   28    0   88.46  95.83    23     26   24      0     26    25    96.15
 395   55    0   79.17  74.51    38     48   51      8     53    52    98.11
 396   12    0  100.00  90.91    10     10   11      0     10    10   100.00
 397    6    0  100.00 100.00     4      4    4      0      6     6   100.00
 398   46    0   84.38  90.00    27     32   30      2     44    44   100.00
 399   13    0  100.00  90.91    10     10   11      0     13    13   100.00
 400   28    0  100.00  94.74    18     18   19      0     27    26    96.30
 401   29    0  100.00  95.45    21     21   22      0     29    29   100.00
 402   33    0   65.00  52.00    13     20   25      4     32    32   100.00
 403   63    0   82.93  80.95    34     41   42      2     59    58    98.31
 404   22    1    0.00   0.00     0      0    0      0      0     0     0.00
 405   51    0   89.47  89.47    34     38   38      0     49    49   100.00
 406   35    0   96.43  96.43    27     28   28      0     35    35   100.00
 407   14    0  100.00 100.00    16     16   16      0     14    14   100.00
 408   17    0   73.33  73.33    11     15   15      1     17    17   100.00
 409   15    0  100.00 100.00    15     15   15      0     15    15   100.00
 410   32    0  100.00 100.00    29     29   29      0     32    32   100.00
 411   12    0  100.00 100.00    11     11   11      0     12    12   100.00
 412    8    0  100.00 100.00     9      9    9      0      8     8   100.00
 413    6    0  100.00 100.00     4      4    4      0      6     6   100.00
 414   66    0   81.63  75.47    40     49   53      4     66    66   100.00
 415   29    0   68.42  72.22    13     19   18      1     29    28    96.55
 416   22    1    0.00   0.00     0      0    0      0      0     0     0.00
 417   16    0  100.00 100.00    14     14   14      0     16    15    93.75
 418   28    0   85.71  94.74    18     21   19      0     28    28   100.00
 419    9    0  100.00 100.00     7      7    7      0      9     9   100.00
 420   25    0   94.44 100.00    17     18   17      0     25    25   100.00
 421   20    0   76.92  76.92    10     13   13      1     20    19    95.00
 422    6    0  100.00 100.00     5      5    5      0      6     6   100.00
 423   20    0  100.00 100.00    20     20   20      0     20    20   100.00
 424   12    0   76.92  83.33    10     13   12      1     12    12   100.00
 425   15    0  100.00 100.00    10     10   10      0     15    15   100.00
 426   15    0  100.00  91.67    11     11   12      0     15    15   100.00
 427   31    0   80.00  88.89    24     30   27      3     31    31   100.00
 428   40    0   83.87  89.66    26     31   29      1     40    37    92.50
 429   11    0  100.00  88.89     8      8    9      0     11    11   100.00
 430   31    0   91.30  84.00    21     23   25      1     31    31   100.00
 431   31    0   83.33  80.65    25     30   31      4     31    31   100.00
 432   17    0  100.00 100.00    14     14   14      0     17    16    94.12
 433   21    0   82.35  87.50    14     17   16      0     21    21   100.00
 434   14    0  100.00 100.00    14     14   14      0     14    14   100.00
 435   17    0  100.00  88.24    15     15   17      0     17    17   100.00
 436   23    0   73.68  73.68    14     19   19      3     23    23   100.00
 437   30    0  100.00  87.50    21     21   24      0     30    30   100.00
 438    9    0  100.00 100.00     7      7    7      0      9     9   100.00
 439   15    0   93.33 100.00    14     15   14      0     15    15   100.00
 440    6    0  100.00 100.00     4      4    4      0      6     6   100.00
 441   40    0   96.55  93.33    28     29   30      0     40    40   100.00
 442    6    0  100.00 100.00     4      4    4      0      6     6   100.00
 443   27    0   80.95  85.00    17     21   20      1     27    27   100.00
 444   27    1    0.00   0.00     0      0    0      0      0     0     0.00
 445   48    1    0.00   0.00     0      0    0      0      0     0     0.00
 446   30    0   95.00  82.61    19     20   23      0     30    30   100.00
 447   44    0  100.00  73.08    19     19   26      0     44    44   100.00
 448   16    0   81.82  75.00     9     11   12      0     16    16   100.00
 449   19    1    0.00   0.00     0      0    0      0      0     0     0.00
 450   18    0   88.89  88.89    16     18   18      2     18    18   100.00
 451   27    1    0.00   0.00     0      0    0      0      0     0     0.00
 452    4    0  100.00 100.00     4      4    4      0      4     4   100.00
 453   38    1    0.00   0.00     0      0    0      0      0     0     0.00
 454   25    0   94.74  90.00    18     19   20      0     25    25   100.00
 455   21    1    0.00   0.00     0      0    0      0      0     0     0.00
 456   23    0   76.19  69.57    16     21   23      3     23    23   100.00
 457   33    0   91.18  91.18    31     34   34      0     31    31   100.00
 458   20    0   88.89  88.89    16     18   18      0     19    19   100.00
 459   31    0   90.48  82.61    19     21   23      2     31    31   100.00
 460   24    0  100.00  95.65    22     22   23      0     23    23   100.00
 461   19    0   94.44  89.47    17     18   19      0     19    19   100.00
 462   31    0   90.48  82.61    19     21   23      2     31    31   100.00
 463    5    0  100.00 100.00     4      4    4      0      5     5   100.00
 464   17    0   76.47  72.22    13     17   18      2     17    17   100.00
 465    4    0  100.00 100.00     4      4    4      0      4     4   100.00
 466   11    0  100.00  90.91    10     10   11      0     11    11   100.00
 467   30    0   88.00  88.00    22     25   25      1     30    30   100.00
 468   30    0   90.91  90.91    20     22   22      1     29    28    96.55
 469   38    0   90.62  93.55    29     32   31      0     37    37   100.00
 470   32    0   82.76  77.42    24     29   31      3     31    29    93.55
 471   42    0   96.43  93.10    27     28   29      1     41    40    97.56
 472   15    0  100.00  90.00     9      9   10      0     15    15   100.00
 473   32    0   90.91  93.75    30     33   32      2     32    32   100.00
 474   32    0   96.00  85.71    24     25   28      0     31    31   100.00
 475   31    0   91.67  91.67    22     24   24      0     31    31   100.00
 476   21    0  100.00 100.00    20     20   20      0     21    20    95.24
 477   14    0  100.00 100.00    10     10   10      0     14    14   100.00
 478    4    0  100.00 100.00     4      4    4      0      4     4   100.00
 479   35    0   75.00  77.78    21     28   27      2     34    31    91.18
 480   28    0   96.30  96.30    26     27   27      0     28    27    96.43
 481   21    0  100.00 100.00    16     16   16      0     21    21   100.00
 482   28    0  100.00 100.00    22     22   22      0     27    27   100.00
 483   41    0   96.43  93.10    27     28   29      1     41    40    97.56
 484   10    0   55.56  83.33     5      9    6      1     10    10   100.00
 485   38    0   85.71  82.76    24     28   29      2     38    38   100.00
 486   58    0   80.77  56.76    21     26   37      4     58    58   100.00
 487   27    0   84.00  77.78    21     25   27      3     27    27   100.00
 488   30    0  100.00 100.00    23     23   23      0     30    29    96.67
 489    7    0   83.33  83.33     5      6    6      0      7     7   100.00
 490    6    0  100.00 100.00     4      4    4      0      6     6   100.00
 491   22    0   95.00  90.48    19     20   21      0     22    21    95.45
 492   29    0   94.74  94.74    18     19   19      0     29    29   100.00
 493   33    0   86.21  80.65    25     29   31      1     33    31    93.94
 494   29    0   96.00 100.00    24     25   24      0     29    28    96.55
 495   17    0  100.00  69.23     9      9   13      0     17    17   100.00
 496   34    0   94.44  73.91    17     18   23      0     32    32   100.00
 497   13    0   88.89  88.89     8      9    9      0     13    11    84.62
 498   48    1    0.00   0.00     0      0    0      0      0     0     0.00
 499   29    0   96.15  89.29    25     26   28      0     27    26    96.30
 500   32    0   96.97  96.97    32     33   33      0     30    29    96.67
 501   16    0  100.00  85.71    12     12   14      0     16    15    93.75
 502   29    0  100.00 100.00    27     27   27      0     27    27   100.00
 503   27    0  100.00 100.00    19     19   19      0     27    27   100.00
 504   30    1    0.00   0.00     0      0    0      0      0     0     0.00
 505   23    0  100.00 100.00    20     20   20      0     23    23   100.00
 506   30    0   82.14  82.14    23     28   28      1     28    26    92.86
 507   10    0   85.71  75.00     6      7    8      0     10     9    90.00
 508   28    0   95.65  95.65    22     23   23      0     28    26    92.86
 509   42    0   83.78  77.50    31     37   40      3     42    40    95.24
 510    1    0  100.00 100.00     2      2    2      0      1     1   100.00
 511   17    0   60.00  60.00     6     10   10      3     15    15   100.00
 512   20    0   42.86  42.86     6     14   14      3     18    16    88.89
 513   17    0   70.00  63.64     7     10   11      1     15    14    93.33
 514    3    0  100.00 100.00     2      2    2      0      3     3   100.00
 515   17    0   50.00  58.33     7     14   12      4     15    14    93.33
 516    2    0  100.00 100.00     2      2    2      0      2     2   100.00
 517    4    0  100.00 100.00     2      2    2      0      4     4   100.00
 518    1    0  100.00 100.00     2      2    2      0      1     1   100.00
 519    1    0   50.00 100.00     1      2    1      0      1     1   100.00
 520    2    0  100.00 100.00     2      2    2      0      2     2   100.00
 521    3    0  100.00 100.00     2      2    2      0      3     2    66.67
 522    2    0  100.00 100.00     2      2    2      0      2     1    50.00
 523    1    0   50.00 100.00     1      2    1      0      1     1   100.00
 524   15    0   57.14  33.33     4      7   12      2     15    15   100.00
 525    6    0  100.00 100.00     4      4    4      0      6     6   100.00
 526   47    0   83.33  65.79    25     30   38      2     47    47   100.00
 527    9    0   16.67  25.00     1      6    4      1      9     9   100.00
 528   18    0  100.00 100.00    12     12   12      0     18    18   100.00
 529    9    0  100.00 100.00     7      7    7      0      9     9   100.00
 530   14    1    0.00   0.00     0      0    0      0      0     0     0.00
 531   17    0  100.00 100.00    13     13   13      0     17    17   100.00
 532   21    1    0.00   0.00     0      0    0      0      0     0     0.00
 533   21    0   93.33  87.50    14     15   16      0     21    21   100.00
 534   14    1    0.00   0.00     0      0    0      0      0     0     0.00
 535   25    1    0.00   0.00     0      0    0      0      0     0     0.00
 536   17    0   83.33  83.33    10     12   12      0     17    17   100.00
 537   23    1    0.00   0.00     0      0    0      0      0     0     0.00
 538    9    0  100.00 100.00     9      9    9      0      9     9   100.00
 539   13    0   87.50  70.00     7      8   10      1     13    13   100.00
 540   17    0  100.00 100.00    14     14   14      0     17    17   100.00
 541    8    0   33.33 100.00     2      6    2      0      8     8   100.00
 542   18    0  100.00 100.00    15     15   15      0     18    18   100.00
 543    9    0  100.00 100.00     7      7    7      0      9     9   100.00
 544   30    0   91.30  87.50    21     23   24      1     30    30   100.00
 545   10    0  100.00 100.00     8      8    8      0     10    10   100.00
 546   12    0   70.00  87.50     7     10    8      1     12    12   100.00
 547   24    0  100.00 100.00    17     17   17      0     24    24   100.00
 548   18    0  100.00 100.00    13     13   13      0     18    18   100.00
 549   23    0  100.00 100.00    15     15   15      0     23    23   100.00
 550   20    0   92.86  92.86    13     14   14      0     20    20   100.00
 551   17    0  100.00 100.00    12     12   12      0     17    17   100.00
 552   11    0  100.00 100.00     9      9    9      0     11    11   100.00
 553    9    0  100.00 100.00     7      7    7      0      9     9   100.00
 554   10    0   87.50  77.78     7      8    9      1     10    10   100.00
 555   26    0  100.00 100.00    20     20   20      0     25    25   100.00
 556    7    0  100.00 100.00     6      6    6      0      7     7   100.00
 557   19    0  100.00 100.00    19     19   19      0     19    19   100.00
 558   26    0  100.00 100.00    25     25   25      0     25    24    96.00
 559    8    0   50.00 100.00     2      4    2      0      8     8   100.00
 560   16    0  100.00 100.00    12     12   12      0     16    16   100.00
 561    9    0  100.00 100.00     7      7    7      0      9     9   100.00
 562   28    0  100.00 100.00    19     19   19      0     28    28   100.00
 563   16    0  100.00 100.00    13     13   13      0     16    15    93.75
 564   22    0   93.75 100.00    15     16   15      0     22    21    95.45
 565   10    0  100.00 100.00     7      7    7      0     10    10   100.00
 566   26    0  100.00  94.44    17     17   18      0     26    26   100.00
 567   11    0   87.50 100.00     7      8    7      0     11    11   100.00
 568   19    0   93.33  93.33    14     15   15      0     19    19   100.00
 569   20    0  100.00  92.31    12     12   13      0     20    19    95.00
 570   16    0   73.33  73.33    11     15   15      2     16    15    93.75
 571   11    0   87.50  77.78     7      8    9      1     11    11   100.00
 572   14    0   91.67  91.67    11     12   12      0     13    13   100.00
 573   21    0  100.00 100.00    16     16   16      0     20    20   100.00
 574   31    1    0.00   0.00     0      0    0      0      0     0     0.00
 575   17    0  100.00 100.00    17     17   17      0     17    17   100.00
 576   16    0  100.00 100.00    13     13   13      0     15    15   100.00
 577    5    0   66.67  66.67     4      6    6      0      5     5   100.00
 578    6    0  100.00 100.00     4      4    4      0      6     6   100.00
 579    9    0  100.00 100.00    10     10   10      0      9     9   100.00
 580   27    0   90.00  94.74    18     20   19      1     27    26    96.30
 581   39    0  100.00 100.00    37     37   37      0     39    39   100.00
 582   22    0   95.45 100.00    21     22   21      0     22    21    95.45
 583   15    0   89.47  85.00    17     19   20      1     15    15   100.00
 584   32    0   82.14  82.14    23     28   28      1     32    32   100.00
 585   34    0   68.97  66.67    20     29   30      9     34    34   100.00
 586   31    0  100.00 100.00    27     27   27      0     31    31   100.00
 587   34    0   81.48  75.86    22     27   29      3     34    34   100.00
 588    9    0  100.00 100.00    10     10   10      0      9     9   100.00
 589    6    0  100.00 100.00     4      4    4      0      6     6   100.00
 590   32    0   96.00  92.31    24     25   26      1     32    32   100.00
 591   13    0   80.00  80.00     8     10   10      0     13    13   100.00
 592   38    0   81.82  79.41    27     33   34      4     38    36    94.74
 593   31    0   82.14  88.46    23     28   26      2     31    31   100.00
 594   31    0   95.45  80.77    21     22   26      0     31    31   100.00
 595   30    0   86.96  95.24    20     23   21      0     30    29    96.67
 596   37    0   89.19  84.62    33     37   39      2     37    37   100.00
 597   12    0  100.00 100.00    12     12   12      0     12    12   100.00
 598   34    0   91.67 100.00    22     24   22      0     32    32   100.00
 599   22    0   85.71  92.31    12     14   13      1     22    21    95.45
 600   29    0   70.00  72.41    21     30   29      6     29    29   100.00
 601   23    0   95.24 100.00    20     21   20      0     23    23   100.00
 602   20    0   81.25  86.67    13     16   15      0     18    18   100.00
 603   33    1    0.00   0.00     0      0    0      0      0     0     0.00
 604   41    0   73.17  78.95    30     41   38      3     39    39   100.00
 605   23    1    0.00   0.00     0      0    0      0      0     0     0.00
 606   36    1    0.00   0.00     0      0    0      0      0     0     0.00
 607    7    0  100.00 100.00     5      5    5      0      6     6   100.00
 608   11    0  100.00 100.00    11     11   11      0     11    11   100.00
 609   22    0  100.00  95.00    19     19   20      0     22    22   100.00
 610   21    0   76.47  81.25    13     17   16      2     20    20   100.00
 611   21    0  100.00 100.00    19     19   19      0     21    21   100.00
 612   12    0  100.00  80.00     8      8   10      0     12    12   100.00
 613   36    0   86.67  92.86    26     30   28      0     36    35    97.22
 614   17    0   82.35  82.35    14     17   17      1     17    17   100.00
 615    8    0  100.00 100.00     7      7    7      0      8     8   100.00
 616    6    0  100.00 100.00     4      4    4      0      6     6   100.00
 617   34    0   92.00  88.46    23     25   26      1     34    34   100.00
 618    5    0  100.00 100.00     4      4    4      0      5     5   100.00
 619   25    0  100.00  94.12    16     16   17      0     25    24    96.00
 620    6    0  100.00 100.00     4      4    4      0      6     6   100.00
 621    7    0  100.00 100.00     5      5    5      0      7     6    85.71
 622   19    0  100.00  93.33    14     14   15      0     19    19   100.00
 623   39    0  100.00  96.00    24     24   25      0     39    39   100.00
 624   15    0   83.33  90.91    10     12   11      0     15    15   100.00
 625   25    0  100.00 100.00    14     14   14      0     25    25   100.00
 626   22    0   69.57  69.57    16     23   23      5     22    22   100.00
 627   17    0  100.00 100.00    15     15   15      0     17    17   100.00
 628    4    0  100.00 100.00     4      4    4      0      4     3    75.00
 629   21    0  100.00 100.00    17     17   17      0     21    20    95.24
 630   28    0  100.00  90.91    20     20   22      0     28    28   100.00
 631   23    0   87.50  77.78    14     16   18      1     23    21    91.30
 632   20    0  100.00 100.00    18     18   18      0     20    19    95.00
 633   27    0   77.78  73.68    14     18   19      1     27    27   100.00
 634   35    0   82.76  88.89    24     29   27      2     35    35   100.00
 635    2    0  100.00 100.00     2      2    2      0      2     1    50.00
 636   31    0   95.00  86.36    19     20   22      1     29    29   100.00
 637    4    0  100.00 100.00     4      4    4      0      4     4   100.00
 638   15    0  100.00  91.67    11     11   12      0     15    14    93.33
 639   38    0   96.88  93.94    31     32   33      0     38    37    97.37
 640    9    0  100.00 100.00     9      9    9      0      9     9   100.00
 641   32    0   91.67  88.00    22     24   25      1     32    32   100.00
 642   21    0   81.25  81.25    13     16   16      1     21    21   100.00
 643   55    0   81.58  73.81    31     38   42      6     55    54    98.18
 644    8    0  100.00 100.00     8      8    8      0      8     8   100.00
 645   10    0  100.00 100.00     9      9    9      0     10     9    90.00
 646   36    0   93.10  93.10    27     29   29      1     36    36   100.00
 647   45    0   97.44  88.37    38     39   43      0     45    45   100.00
 648    1    0  100.00 100.00     2      2    2      0      1     1   100.00
 649   18    0  100.00  86.67    13     13   15      0     18    18   100.00
 650   18    0  100.00  83.33    10     10   12      0     18    18   100.00
 651   25    0   96.30  92.86    26     27   28      0     23    23   100.00
 652   28    0   76.19  72.73    16     21   22      3     26    26   100.00
 653   26    0   88.89  88.89    24     27   27      3     26    26   100.00
 654   33    0   83.33  75.76    25     30   33      3     31    31   100.00
 655   68    0   63.41  57.78    26     41   45      5     68    67    98.53
 656   20    0  100.00  94.44    17     17   18      0     20    20   100.00
 657   24    0   95.65  95.65    22     23   23      0     22    22   100.00
 658   45    0   79.55  83.33    35     44   42      5     43    42    97.67
 659    4    0  100.00 100.00     3      3    3      0      4     4   100.00
 660   38    0   93.75  96.77    30     32   31      0     38    36    94.74
 661   12    0  100.00  90.00     9      9   10      0     12    12   100.00
 662   19    0   94.44  94.44    17     18   18      0     17    17   100.00
 663   34    0   93.94  91.18    31     33   34      1     33    33   100.00
 664   18    0  100.00 100.00    13     13   13      0     18    18   100.00
 665   17    0   77.78  82.35    14     18   17      1     16    16   100.00
 666   32    1    0.00   0.00     0      0    0      0      0     0     0.00
 667   32    0  100.00 100.00    26     26   26      0     31    31   100.00
 668   32    0   77.78  77.78    21     27   27      5     31    29    93.55
 669   46    0   80.00  77.78    28     35   36      4     46    46   100.00
 670   21    0   93.75 100.00    15     16   15      0     19    18    94.74
 671   14    0  100.00 100.00    14     14   14      0     14    14   100.00
 672   41    0   97.44  92.68    38     39   41      1     41    41   100.00
 673   25    0  100.00  90.48    19     19   21      0     23    23   100.00
 674   12    0  100.00 100.00    12     12   12      0     12    12   100.00
 675   36    0   96.15  92.59    25     26   27      0     35    35   100.00
 676   11    0  100.00 100.00     9      9    9      0     11    11   100.00
 677   12    0   90.00 100.00     9     10    9      0     11    11   100.00
 678   23    0   88.00  95.65    22     25   23      0     21    21   100.00
 679    2    0  100.00 100.00     2      2    2      0      2     2   100.00
 680   35    0   90.32  87.50    28     31   32      2     35    35   100.00
 681    9    0   90.00  90.00     9     10   10      0      9     9   100.00
 682    5    0  100.00 100.00     5      5    5      0      4     4   100.00
 683    6    0  100.00 100.00     5      5    5      0      5     5   100.00
 684   16    0   84.62  84.62    11     13   13      1     16    16   100.00
 685   20    0   88.24  88.24    15     17   17      2     19    18    94.74
 686    7    1    0.00   0.00     0      0    0      0      0     0     0.00
 687   14    0   92.86  86.67    13     14   15      0     14    14   100.00
 688   25    0  100.00  95.45    21     21   22      0     25    24    96.00
 689   18    0   86.67  81.25    13     15   16      0     16    16   100.00
 690    7    0  100.00 100.00     6      6    6      0      5     5   100.00
 691   14    0   92.31  92.31    12     13   13      0     14    12    85.71
 692   36    0   96.97  91.43    32     33   35      0     36    35    97.22
 693   27    0   70.00  70.00    14     20   20      4     23    23   100.00
 694   14    0  100.00 100.00    12     12   12      0     14    14   100.00
 695   39    0   96.67  96.67    29     30   30      0     39    38    97.44
 696   17    0   93.33  93.33    14     15   15      0     17    17   100.00
 697   15    0  100.00 100.00    18     18   18      0     15    15   100.00
 698   38    0   73.53  75.76    25     34   33      7     38    37    97.37
 699   23    0   95.00  90.48    19     20   21      0     23    23   100.00
 700   14    0   63.64  77.78     7     11    9      1     14    14   100.00
 701   11    0   83.33  76.92    10     12   13      2     11    11   100.00
 702    6    0  100.00 100.00     4      4    4      0      6     6   100.00
 703   50    0   88.89  80.00    32     36   40      3     50    50   100.00
 704   11    0  100.00  88.89     8      8    9      0     11    11   100.00
 705   26    0   96.00  96.00    24     25   25      0     26    26   100.00
 706   14    0  100.00 100.00    13     13   13      0     14    14   100.00
 707   19    0   75.00  80.00    12     16   15      2     19    19   100.00
 708   17    1    0.00   0.00     0      0    0      0      0     0     0.00
 709   25    1    0.00   0.00     0      0    0      0      0     0     0.00
 710   20    0   73.33  84.62    11     15   13      2     20    20   100.00
 711   17    0   69.23  64.29     9     13   14      3     17    17   100.00
 712   23    0  100.00 100.00    22     22   22      0     21    21   100.00
 713   47    0   52.50  60.00    21     40   35     13     47    43    91.49
 714   34    0   85.71  82.76    24     28   29      1     32    32   100.00
 715   48    0   97.22  89.74    35     36   39      0     48    47    97.92
 716   19    0  100.00 100.00    16     16   16      0     19    19   100.00
 717   25    0   90.48  86.36    19     21   22      0     25    25   100.00
 718   19    0  100.00  88.24    15     15   17      0     19    19   100.00
 719   24    0   83.33  88.24    15     18   17      2     24    24   100.00
 720   12    0  100.00 100.00     8      8    8      0     12    12   100.00
 721   11    0  100.00 100.00    14     14   14      0     11    11   100.00
 722   11    1    0.00   0.00     0      0    0      0      0     0     0.00
 723   24    0   96.55  96.55    28     29   29      0     23    23   100.00
 724   20    0   84.62  84.62    11     13   13      0     20    19    95.00
 725   29    1    0.00   0.00     0      0    0      0      0     0     0.00
 726   36    0   91.67  81.48    22     24   27      2     35    35   100.00
 727   20    0  100.00 100.00    10     10   10      0     20    20   100.00
 728   10    0   50.00  66.67     6     12    9      3     10     9    90.00
 729    6    0  100.00 100.00     4      4    4      0      6     6   100.00
 730   21    0   94.12  94.12    16     17   17      0     21    21   100.00
 731   23    0   78.95  78.95    15     19   19      2     23    21    91.30
 732   10    0  100.00 100.00     7      7    7      0     10     9    90.00
 733   19    0  100.00 100.00    12     12   12      0     19    19   100.00
 734   23    0   66.67 100.00    10     15   10      0     23    22    95.65
 735   12    0  100.00 100.00    11     11   11      0     12    12   100.00
 736   43    0   96.77 100.00    30     31   30      0     43    42    97.67
============================================================================
                 90.02  88.27  10764 11958 12194    543  14270 14073    98.62
=== Summary ===

-- All --
Number of sentence        =    736
Number of Error sentence  =     63
Number of Skip  sentence  =      0
Number of Valid sentence  =    673
Bracketing Recall         =  90.02
Bracketing Precision      =  88.27
Bracketing FMeasure       =  89.14
Complete match            =  34.77
Average crossing          =   0.81
No crossing               =  69.24
2 or less crossing        =  87.96
Tagging accuracy          =  98.62

-- len<=40 --
Number of sentence        =    676
Number of Error sentence  =     56
Number of Skip  sentence  =      0
Number of Valid sentence  =    620
Bracketing Recall         =  90.86
Bracketing Precision      =  89.49
Bracketing FMeasure       =  90.17
Complete match            =  37.74
Average crossing          =   0.64
No crossing               =  72.42
2 or less crossing        =  90.65
Tagging accuracy          =  98.61
