  Sent.                        Matched  Bracket   Cross        Correct Tag
 ID  Len.  Stat. Recal  Prec.  Bracket gold test Bracket Words  Tags Accracy
============================================================================
   1    2    0  100.00 100.00     2      2    2      0      2     1    50.00
   2    4    0  100.00 100.00     5      5    5      0      4     4   100.00
   3   72    0   89.04  90.28    65     73   72      6     72    72   100.00
   4   16    0  100.00 100.00    16     16   16      0     16    16   100.00
   5   25    0  100.00 100.00    30     30   30      0     25    25   100.00
   6   16    0  100.00 100.00    17     17   17      0     16    16   100.00
   7   19    0   68.42  65.00    13     19   20      4     19    17    89.47
   8   39    0   75.86  73.33    22     29   30      7     39    39   100.00
   9   17    0   94.12 100.00    16     17   16      0     17    17   100.00
  10   18    0   86.67  86.67    13     15   15      0     18    18   100.00
  11   51    0   67.35  67.35    33     49   49     12     51    50    98.04
  12   23    0   95.24  95.24    20     21   21      0     23    23   100.00
  13   10    0   80.00  80.00     8     10   10      0     10    10   100.00
  14   27    0  100.00  95.00    19     19   20      0     27    25    92.59
  15   20    0  100.00 100.00    15     15   15      0     20    18    90.00
  16   18    0   85.71  85.71    12     14   14      1     18    18   100.00
  17   27    0  100.00 100.00    27     27   27      0     27    27   100.00
  18   21    0  100.00 100.00    18     18   18      0     21    21   100.00
  19    5    0  100.00 100.00     6      6    6      0      5     5   100.00
  20   27    0   75.00  75.00    18     24   24      4     27    25    92.59
  21   19    0   87.50  82.35    14     16   17      0     19    19   100.00
  22   33    0   92.86  92.86    26     28   28      0     33    33   100.00
  23    7    0  100.00 100.00     7      7    7      0      7     7   100.00
  24   35    0   83.33  86.21    25     30   29      1     35    35   100.00
  25   21    0   70.00  77.78    14     20   18      3     21    21   100.00
  26   16    0   93.33  93.33    14     15   15      1     16    16   100.00
  27    5    0  100.00 100.00     5      5    5      0      5     5   100.00
  28   10    0  100.00 100.00     8      8    8      0     10    10   100.00
  29   16    0  100.00  84.62    11     11   13      0     16    16   100.00
  30   24    0   90.00  90.00    18     20   20      0     24    23    95.83
  31   10    0  100.00 100.00    10     10   10      0     10     9    90.00
  32   11    0  100.00 100.00     9      9    9      0     11    10    90.91
  33   13    0   90.00  90.00     9     10   10      0     13    13   100.00
  34   20    0   88.89  94.12    16     18   17      0     20    20   100.00
  35   15    0  100.00 100.00    13     13   13      0     15    15   100.00
  36   21    0  100.00 100.00    15     15   15      0     21    21   100.00
  37   14    0  100.00 100.00    13     13   13      0     14    14   100.00
  38   19    0   84.21  84.21    16     19   19      2     19    19   100.00
  39    7    0  100.00 100.00     7      7    7      0      7     7   100.00
  40    7    0  100.00 100.00     9      9    9      0      7     7   100.00
  41    6    0  100.00 100.00     8      8    8      0      6     6   100.00
  42   15    0   86.67  81.25    13     15   16      1     15    15   100.00
  43   17    0   90.00  81.82    18     20   22      2     17    17   100.00
  44    9    0   75.00  75.00     6      8    8      1      9     9   100.00
  45   11    0  100.00 100.00     9      9    9      0     11    11   100.00
  46   17    0   76.92  83.33    10     13   12      2     17    16    94.12
  47    6    0  100.00 100.00     8      8    8      0      6     6   100.00
  48   14    0   92.86 100.00    13     14   13      0     14    14   100.00
  49    7    0  100.00 100.00     8      8    8      0      7     7   100.00
  50   22    0  100.00  95.00    19     19   20      0     22    22   100.00
  51   17    0  100.00 100.00    13     13   13      0     17    17   100.00
  52   13    0  100.00  92.31    12     12   13      0     13    13   100.00
  53    8    0  100.00 100.00    10     10   10      0      8     8   100.00
  54   20    0  100.00  90.48    19     19   21      0     20    20   100.00
  55   11    0  100.00 100.00    11     11   11      0     11    11   100.00
  56   19    0   70.00  70.00    14     20   20      3     19    19   100.00
  57   38    0   83.78  83.78    31     37   37      2     38    38   100.00
  58    6    0  100.00 100.00     5      5    5      0      6     6   100.00
  59    3    0  100.00 100.00     3      3    3      0      3     3   100.00
  60   12    0   90.00  81.82     9     10   11      0     12    12   100.00
  61    9    0  100.00 100.00     7      7    7      0      9     9   100.00
  62   20    0   88.24  93.75    15     17   16      1     20    19    95.00
  63   27    0   95.45  95.45    21     22   22      0     27    27   100.00
  64    5    0  100.00 100.00     5      5    5      0      5     5   100.00
  65    9    0  100.00 100.00     8      8    8      0      9     9   100.00
  66   35    0   77.78  77.78    21     27   27      4     35    35   100.00
  67    5    0  100.00 100.00     5      5    5      0      5     4    80.00
  68   10    0  100.00 100.00    14     14   14      0     10    10   100.00
  69   24    0   70.59  57.14    12     17   21      3     24    24   100.00
  70   20    0   66.67  70.59    12     18   17      4     20    20   100.00
  71   26    0   86.36  79.17    19     22   24      3     24    24   100.00
  72   21    0   94.12  88.89    16     17   18      0     19    19   100.00
  73   25    0   85.71  85.71    18     21   21      1     25    24    96.00
  74   42    0   97.30  97.30    36     37   37      0     42    42   100.00
  75   20    0   86.67  81.25    13     15   16      0     20    19    95.00
  76   11    0   87.50  87.50     7      8    8      0     11    11   100.00
  77   13    0  100.00 100.00    11     11   11      0     13    13   100.00
  78   18    0   93.75  88.24    15     16   17      0     16    16   100.00
  79   14    0   62.50  71.43     5      8    7      1     12    12   100.00
  80   12    0  100.00 100.00     9      9    9      0     10     9    90.00
  81   21    0   94.44 100.00    17     18   17      0     21    21   100.00
  82   15    0   84.21  84.21    16     19   19      1     15    15   100.00
  83   16    0   93.75  93.75    15     16   16      0     14    14   100.00
  84   15    0   75.00  75.00     9     12   12      1     13    13   100.00
  85    7    0  100.00 100.00     5      5    5      0      5     5   100.00
  86   15    0  100.00 100.00    11     11   11      0     15    15   100.00
  87   10    0  100.00 100.00     8      8    8      0     10    10   100.00
  88   13    0  100.00 100.00    10     10   10      0     13    12    92.31
  89   15    0   85.71  80.00    12     14   15      1     13    13   100.00
  90   18    0   83.33  83.33    10     12   12      0     16    16   100.00
  91    8    0   85.71 100.00     6      7    6      0      8     8   100.00
  92   29    0   85.71  81.82    18     21   22      2     29    29   100.00
  93   10    0  100.00 100.00    10     10   10      0     10    10   100.00
  94    5    0  100.00 100.00     5      5    5      0      5     5   100.00
  95    8    0  100.00 100.00    12     12   12      0      8     8   100.00
  96   16    0   83.33  93.75    15     18   16      1     16    16   100.00
  97    9    0  100.00 100.00    10     10   10      0      9     9   100.00
  98   19    0  100.00  89.47    17     17   19      0     19    19   100.00
  99   18    0   88.24  88.24    15     17   17      0     18    17    94.44
 100    9    0   85.71 100.00     6      7    6      0      9     9   100.00
 101    7    0   80.00  80.00     4      5    5      0      5     5   100.00
 102   13    0  100.00  92.31    12     12   13      0     12    12   100.00
 103    7    0  100.00 100.00     5      5    5      0      6     6   100.00
 104   14    0   92.86 100.00    13     14   13      0     13    13   100.00
 105    4    0   50.00  50.00     1      2    2      0      3     3   100.00
 106   10    0  100.00 100.00     7      7    7      0     10    10   100.00
 107   10    0   75.00  66.67     6      8    9      1     10    10   100.00
 108    4    0   50.00 100.00     2      4    2      0      3     3   100.00
 109    5    0   20.00  25.00     1      5    4      2      4     4   100.00
 110   12    0  100.00 100.00     9      9    9      0     10     9    90.00
 111   15    0   75.00  64.29     9     12   14      1     13    13   100.00
 112    7    0  100.00 100.00     6      6    6      0      7     7   100.00
 113   33    0  100.00 100.00    24     24   24      0     33    32    96.97
 114   12    0   77.78  87.50     7      9    8      0     12    12   100.00
 115   11    0  100.00  88.89     8      8    9      0      9     9   100.00
 116   11    0   57.14  57.14     4      7    7      0      9     9   100.00
 117    5    0  100.00  66.67     2      2    3      0      3     2    66.67
 118   11    0   44.44  40.00     4      9   10      2      9     9   100.00
 119    6    0   25.00  50.00     1      4    2      0      5     5   100.00
 120    7    0  100.00 100.00     5      5    5      0      6     6   100.00
 121    9    0  100.00 100.00     6      6    6      0      7     7   100.00
 122    9    0  100.00 100.00     8      8    8      0      8     8   100.00
 123    5    0  100.00 100.00     5      5    5      0      5     5   100.00
 124    6    0  100.00 100.00     5      5    5      0      5     5   100.00
 125    5    0  100.00  66.67     2      2    3      0      3     3   100.00
 126   55    0   94.12  94.12    48     51   51      1     55    55   100.00
 127   31    0   86.21  86.21    25     29   29      2     31    31   100.00
 128   19    0   88.24  78.95    15     17   19      2     19    19   100.00
 129   34    0   76.00  73.08    19     25   26      4     34    34   100.00
 130    8    0  100.00 100.00    10     10   10      0      8     8   100.00
 131   25    0  100.00 100.00    22     22   22      0     25    25   100.00
 132   33    0  100.00 100.00    32     32   32      0     33    33   100.00
 133   22    0  100.00 100.00    19     19   19      0     22    22   100.00
 134   18    0  100.00  92.86    13     13   14      0     18    18   100.00
 135   17    0  100.00 100.00    15     15   15      0     17    17   100.00
 136   12    0  100.00 100.00    14     14   14      0     12    12   100.00
 137   24    0   93.33  90.32    28     30   31      0     24    24   100.00
 138   31    0   86.67  86.67    26     30   30      2     31    31   100.00
 139    8    0  100.00 100.00     6      6    6      0      8     8   100.00
 140   23    0  100.00 100.00    20     20   20      0     23    23   100.00
 141   29    0  100.00  92.86    26     26   28      0     29    29   100.00
 142   16    0   94.74  94.74    18     19   19      0     16    16   100.00
 143   13    0  100.00 100.00    11     11   11      0     13    13   100.00
 144   32    0   86.36 100.00    19     22   19      0     32    32   100.00
 145   22    0   77.27  73.91    17     22   23      3     22    22   100.00
 146   29    0   96.43  90.00    27     28   30      0     29    29   100.00
 147   27    0   63.64  63.64    14     22   22      7     27    27   100.00
 148   17    0   80.00  80.00    12     15   15      1     17    17   100.00
 149   32    0   96.55  96.55    28     29   29      1     32    32   100.00
 150   17    0   94.12  88.89    16     17   18      0     17    17   100.00
 151   13    0  100.00 100.00    10     10   10      0     13    13   100.00
 152   14    0   94.12  94.12    16     17   17      0     14    14   100.00
 153   16    0  100.00 100.00    15     15   15      0     16    16   100.00
 154   20    0   85.71  85.71    18     21   21      2     20    20   100.00
 155   20    0   90.91  86.96    20     22   23      0     20    20   100.00
 156   21    0   82.35  87.50    14     17   16      2     21    20    95.24
 157   31    0   87.10  87.10    27     31   31      1     31    31   100.00
 158   13    0   90.91  71.43    10     11   14      0     13    13   100.00
 159   17    0   93.75 100.00    15     16   15      0     17    17   100.00
 160   19    0   88.24  78.95    15     17   19      0     19    19   100.00
 161   21    0   95.45  95.45    21     22   22      0     21    21   100.00
 162   10    0   92.31  92.31    12     13   13      0     10    10   100.00
 163    1    0   33.33  50.00     1      3    2      0      1     0     0.00
 164   15    0   92.31  92.31    12     13   13      0     15    14    93.33
 165   46    0   80.00  78.26    36     45   46      4     46    43    93.48
 166    8    0  100.00 100.00    10     10   10      0      8     8   100.00
 167    7    0  100.00 100.00     6      6    6      0      7     7   100.00
 168   50    0   85.71  83.33    30     35   36      1     50    49    98.00
 169   54    0   83.78  79.49    31     37   39      5     54    51    94.44
 170   17    0   90.00  81.82     9     10   11      1     17    17   100.00
 171   17    0   75.00  69.23     9     12   13      2     17    15    88.24
 172   16    0   80.00  92.31    12     15   13      1     16    15    93.75
 173   35    0   73.33  75.86    22     30   29      2     35    34    97.14
 174   18    0   93.33  93.33    14     15   15      0     18    18   100.00
 175   22    0   62.50  52.63    10     16   19      6     20    20   100.00
 176   12    0   87.50  70.00     7      8   10      1     10    10   100.00
 177   19    0   73.33  84.62    11     15   13      0     17    16    94.12
 178   12    0  100.00 100.00     7      7    7      0     10     9    90.00
 179    7    0  100.00 100.00     7      7    7      0      7     7   100.00
 180    7    0  100.00 100.00     9      9    9      0      7     6    85.71
 181   13    0  100.00 100.00    10     10   10      0     13    13   100.00
 182    6    0  100.00 100.00     6      6    6      0      6     6   100.00
 183   35    0   88.89  88.89    24     27   27      0     35    34    97.14
 184   15    0   85.71  92.31    12     14   13      0     15    15   100.00
 185    5    0  100.00 100.00     5      5    5      0      5     5   100.00
 186    9    0   83.33  71.43     5      6    7      0      9     9   100.00
 187   21    0   86.67  86.67    13     15   15      1     21    21   100.00
 188    7    0   77.78  87.50     7      9    8      1      7     7   100.00
 189    3    0  100.00 100.00     4      4    4      0      3     3   100.00
 190    8    0   50.00  60.00     3      6    5      0      6     5    83.33
 191   45    0   71.43  66.67    20     28   30      6     45    44    97.78
 192    7    0  100.00 100.00     6      6    6      0      7     7   100.00
 193   10    0   90.00  90.00     9     10   10      0     10     9    90.00
 194    7    0  100.00 100.00     6      6    6      0      7     6    85.71
 195    9    0  100.00 100.00     7      7    7      0      8     7    87.50
 196   12    0   77.78  63.64     7      9   11      1     12    12   100.00
 197   11    0  100.00  91.67    11     11   12      0     11    11   100.00
 198    3    0   50.00  33.33     1      2    3      0      2     2   100.00
 199   28    0   91.30  87.50    21     23   24      2     28    25    89.29
 200   23    0   78.57  73.33    11     14   15      1     23    20    86.96
 201    8    0  100.00 100.00     8      8    8      0      8     7    87.50
 202   24    0  100.00 100.00    19     19   19      0     24    23    95.83
 203   20    0   70.59  66.67    12     17   18      4     20    19    95.00
 204   12    0   77.78  70.00     7      9   10      0     12    10    83.33
 205   10    0  100.00 100.00     8      8    8      0      8     8   100.00
 206   10    0  100.00 100.00     8      8    8      0      9     9   100.00
 207    8    0  100.00 100.00     6      6    6      0      7     6    85.71
 208   12    0  100.00 100.00    11     11   11      0     10    10   100.00
 209   14    0   90.00  81.82     9     10   11      0     12    12   100.00
 210    7    0  100.00 100.00     5      5    5      0      6     6   100.00
 211   14    0   85.71  85.71    12     14   14      0     14    13    92.86
 212   11    0  100.00 100.00     9      9    9      0     10     9    90.00
 213    8    0  100.00 100.00     9      9    9      0      8     8   100.00
 214    8    0  100.00 100.00     7      7    7      0      7     6    85.71
 215    6    0  100.00 100.00     5      5    5      0      6     6   100.00
 216   17    0  100.00 100.00    15     15   15      0     17    17   100.00
 217   21    0   95.00  90.48    19     20   21      0     21    20    95.24
 218    4    0   50.00  66.67     2      4    3      0      3     2    66.67
 219   12    0  100.00 100.00     9      9    9      0     12    11    91.67
 220    5    0  100.00 100.00     5      5    5      0      5     5   100.00
 221    9    0  100.00 100.00     9      9    9      0      9     8    88.89
 222    9    0  100.00 100.00     6      6    6      0      9     8    88.89
 223   14    0   91.67  84.62    11     12   13      1     14    13    92.86
 224    5    0  100.00 100.00     4      4    4      0      5     5   100.00
 225    2    0  100.00 100.00     2      2    2      0      2     2   100.00
 226    7    0  100.00 100.00     5      5    5      0      7     7   100.00
 227    6    0  100.00 100.00     5      5    5      0      6     6   100.00
 228    9    0  100.00 100.00     6      6    6      0      9     9   100.00
 229   13    0  100.00 100.00    10     10   10      0     13    13   100.00
 230    9    0   87.50 100.00     7      8    7      0      9     9   100.00
 231    8    0  100.00 100.00     5      5    5      0      8     8   100.00
 232   12    0   83.33  83.33     5      6    6      0     12    12   100.00
 233    5    0  100.00 100.00     6      6    6      0      5     5   100.00
 234    9    0   75.00  75.00     6      8    8      0      7     7   100.00
 235    7    0   87.50  87.50     7      8    8      0      6     6   100.00
 236    6    0  100.00 100.00     7      7    7      0      5     5   100.00
 237    3    0  100.00 100.00     4      4    4      0      3     3   100.00
 238   10    0  100.00 100.00    10     10   10      0     10    10   100.00
 239   32    0   94.12  88.89    32     34   36      0     32    32   100.00
 240   11    0   90.00  90.00     9     10   10      0      9     9   100.00
 241    6    0  100.00 100.00     5      5    5      0      5     5   100.00
 242    6    0  100.00 100.00     4      4    4      0      5     5   100.00
 243    7    0   50.00  60.00     3      6    5      0      5     5   100.00
 244    7    0  100.00 100.00     6      6    6      0      7     7   100.00
 245    7    0   80.00  80.00     4      5    5      0      5     5   100.00
 246    5    0   50.00  50.00     1      2    2      0      3     3   100.00
 247   10    0  100.00 100.00    10     10   10      0     10    10   100.00
 248    7    0   88.89  88.89     8      9    9      0      7     7   100.00
 249    7    0   60.00  60.00     3      5    5      0      5     5   100.00
 250    4    0   50.00  50.00     1      2    2      0      2     2   100.00
 251   15    0   57.14  66.67     8     14   12      3     12    12   100.00
 252    5    0   80.00  66.67     4      5    6      0      5     5   100.00
 253    2    0  100.00 100.00     2      2    2      0      2     2   100.00
 254    4    0   75.00 100.00     3      4    3      0      4     4   100.00
 255    4    0  100.00 100.00     2      2    2      0      3     3   100.00
 256   10    0  100.00 100.00    10     10   10      0     10    10   100.00
 257   15    0   70.00  63.64     7     10   11      2     13    13   100.00
 258   17    0   80.00  84.21    16     20   19      2     16    16   100.00
 259    9    0  100.00 100.00     7      7    7      0      8     8   100.00
 260   39    0   84.62  86.84    33     39   38      3     39    39   100.00
 261   17    0  100.00  93.75    15     15   16      0     17    17   100.00
 262    6    0   83.33  83.33     5      6    6      0      6     6   100.00
 263    5    0  100.00 100.00     6      6    6      0      5     5   100.00
 264    7    0  100.00  83.33     5      5    6      0      7     7   100.00
 265   31    0   66.67  60.00    18     27   30      6     29    29   100.00
 266   15    0   80.00  92.31    12     15   13      0     15    15   100.00
 267   19    0   68.42  61.90    13     19   21      4     17    16    94.12
 268   42    0  100.00  97.14    34     34   35      0     42    42   100.00
 269   14    0  100.00 100.00    14     14   14      0     14    14   100.00
 270   22    0   46.43  41.94    13     28   31     15     22    22   100.00
 271    9    0   57.14  57.14     4      7    7      2      9     9   100.00
 272   19    0   90.91  95.24    20     22   21      0     19    19   100.00
 273   13    0   92.86  92.86    13     14   14      0     13    12    92.31
 274    6    0   75.00  75.00     3      4    4      0      6     6   100.00
 275   10    0  100.00 100.00     9      9    9      0     10    10   100.00
 276   17    0   94.44  94.44    17     18   18      0     17    17   100.00
 277   14    0   86.67  86.67    13     15   15      0     12    12   100.00
 278   10    0   90.91  83.33    10     11   12      1     10    10   100.00
 279   12    0   77.78  77.78     7      9    9      0     10    10   100.00
 280   28    0  100.00 100.00    36     36   36      0     28    28   100.00
 281    7    0   60.00  75.00     3      5    4      0      5     5   100.00
 282    8    0   87.50  87.50     7      8    8      0      6     6   100.00
 283   12    0   90.91  76.92    10     11   13      1     12    11    91.67
 284    9    0   50.00  37.50     3      6    8      2      7     7   100.00
 285    9    0  100.00 100.00     8      8    8      0      7     7   100.00
 286    5    0   75.00  75.00     3      4    4      0      3     3   100.00
 287    5    0  100.00 100.00     6      6    6      0      5     5   100.00
 288   10    0  100.00 100.00    10     10   10      0     10    10   100.00
 289   21    0   91.30  95.45    21     23   22      0     21    20    95.24
 290   15    0   86.67  86.67    13     15   15      0     13    13   100.00
 291   34    0   83.78  91.18    31     37   34      3     34    34   100.00
 292    8    0   85.71 100.00     6      7    6      0      8     8   100.00
 293   13    0  100.00 100.00    12     12   12      0     11    11   100.00
 294   23    0  100.00  89.29    25     25   28      0     21    20    95.24
 295   10    0   66.67  50.00     4      6    8      2      8     7    87.50
 296    4    0  100.00 100.00     5      5    5      0      4     3    75.00
 297   11    0   83.33  71.43     5      6    7      0      9     9   100.00
 298   15    0   71.43  76.92    10     14   13      2     15    14    93.33
 299   15    0  100.00 100.00    15     15   15      0     15    15   100.00
 300   13    0   92.31 100.00    12     13   12      0     13    13   100.00
 301   10    0  100.00 100.00    11     11   11      0     10    10   100.00
 302   41    0   92.50  92.50    37     40   40      0     41    41   100.00
 303   44    0   89.19  94.29    33     37   35      0     44    44   100.00
 304    7    0  100.00 100.00     5      5    5      0      5     5   100.00
 305   15    0  100.00 100.00    14     14   14      0     13    11    84.62
 306   13    0   90.00  75.00     9     10   12      0     11    11   100.00
 307   12    0   81.82  81.82     9     11   11      0     10    10   100.00
 308   12    0  100.00  91.67    11     11   12      0     10    10   100.00
 309    5    0  100.00 100.00     5      5    5      0      5     5   100.00
 310    6    0  100.00  85.71     6      6    7      0      6     6   100.00
 311   12    0   90.91  90.91    10     11   11      0     10    10   100.00
 312   19    0   85.00  85.00    17     20   20      1     19    19   100.00
 313   23    1    0.00   0.00     0      0    0      0      0     0     0.00
 314   12    0  100.00 100.00    10     10   10      0     10    10   100.00
 315   15    0   64.29  64.29     9     14   14      4     13    13   100.00
 316   14    0  100.00 100.00    13     13   13      0     12    12   100.00
 317   12    0   87.50  77.78     7      8    9      0     10     9    90.00
 318    3    0  100.00 100.00     4      4    4      0      3     3   100.00
 319    3    0   33.33  50.00     1      3    2      0      2     2   100.00
 320    4    0  100.00 100.00     3      3    3      0      4     4   100.00
 321    7    0  100.00 100.00     9      9    9      0      6     6   100.00
 322   11    0  100.00 100.00    11     11   11      0     11    11   100.00
 323   11    0   83.33  90.91    10     12   11      0     11    10    90.91
 324   28    0   90.32  90.32    28     31   31      1     28    28   100.00
 325   15    0  100.00  92.31    12     12   13      0     15    15   100.00
 326    6    0   80.00  80.00     4      5    5      0      6     6   100.00
 327    7    0  100.00 100.00    10     10   10      0      7     7   100.00
 328    7    0  100.00 100.00     7      7    7      0      7     7   100.00
 329   16    0  100.00 100.00    11     11   11      0     16    16   100.00
 330   11    0  100.00  90.91    10     10   11      0     11    10    90.91
 331   12    0  100.00 100.00    11     11   11      0     12    12   100.00
 332    5    0  100.00 100.00     5      5    5      0      5     5   100.00
 333   13    0   81.82  81.82     9     11   11      1     13    13   100.00
 334    7    0   80.00  80.00     4      5    5      0      7     7   100.00
 335   21    0  100.00 100.00    16     16   16      0     21    21   100.00
 336   16    0   75.00  75.00     9     12   12      2     16    16   100.00
 337    7    0  100.00 100.00     6      6    6      0      7     7   100.00
 338    7    0   85.71  85.71     6      7    7      0      7     6    85.71
 339   22    0  100.00 100.00    16     16   16      0     22    22   100.00
 340    9    0   85.71 100.00     6      7    6      0      9     9   100.00
 341    7    0   85.71  85.71     6      7    7      0      7     7   100.00
 342   37    0   85.71  83.33    30     35   36      3     37    35    94.59
 343   22    0  100.00  88.89    16     16   18      0     22    22   100.00
 344   33    0   66.67  66.67    18     27   27      7     33    33   100.00
 345   69    0   84.21  77.42    48     57   62      7     69    66    95.65
 346   45    0   84.09  86.05    37     44   43      3     45    44    97.78
 347   20    0   78.57  64.71    11     14   17      1     20    20   100.00
 348   46    0   95.00  95.00    38     40   40      0     46    44    95.65
 349   22    0   85.00  80.95    17     20   21      0     22    20    90.91
 350   25    0   95.45  95.45    21     22   22      0     25    25   100.00
 351   35    0   79.31  71.88    23     29   32      6     35    33    94.29
 352   35    0   68.75  62.86    22     32   35      9     35    35   100.00
 353    9    0  100.00 100.00     7      7    7      0      9     9   100.00
 354   21    0   81.25  86.67    13     16   15      0     21    21   100.00
 355   36    0   82.35  77.78    28     34   36      6     36    36   100.00
 356   24    0   81.25  86.67    13     16   15      1     24    24   100.00
 357   19    0   87.50  87.50    14     16   16      0     17    17   100.00
 358   31    0  100.00 100.00    23     23   23      0     31    30    96.77
 359   25    0   85.00  85.00    17     20   20      0     25    24    96.00
 360   30    0   66.67  63.16    12     18   19      3     30    29    96.67
 361   41    0   86.49  91.43    32     37   35      1     41    40    97.56
 362   43    0   88.57  93.94    31     35   33      1     43    42    97.67
 363   10    0  100.00 100.00     8      8    8      0     10    10   100.00
 364    5    0  100.00 100.00     5      5    5      0      5     5   100.00
 365   36    0   89.66  89.66    26     29   29      2     36    36   100.00
 366   30    0   76.00  70.37    19     25   27      6     30    30   100.00
 367   12    0   92.86  92.86    13     14   14      1     12    12   100.00
 368   36    0   64.29  62.07    18     28   29      8     36    33    91.67
 369   22    0   31.58  37.50     6     19   16      9     22    17    77.27
 370   13    0  100.00 100.00    12     12   12      0     13    13   100.00
 371   15    0   84.62  91.67    11     13   12      1     15    15   100.00
 372    4    0  100.00 100.00     5      5    5      0      4     4   100.00
 373   17    0  100.00 100.00    14     14   14      0     17    17   100.00
 374   26    0  100.00  95.83    23     23   24      0     26    26   100.00
 375   43    0   76.47  74.29    26     34   35      7     43    43   100.00
 376    9    0   90.91  90.91    10     11   11      0      9     9   100.00
 377   39    0   83.87  89.66    26     31   29      2     39    38    97.44
 378   23    0   87.50  87.50    14     16   16      0     23    22    95.65
 379   36    0   85.71  85.71    30     35   35      4     36    36   100.00
 380    8    0   88.89 100.00     8      9    8      0      8     8   100.00
 381   38    0   77.78  71.79    28     36   39      5     38    37    97.37
 382   29    0   70.37  67.86    19     27   28      6     29    29   100.00
 383   12    0   77.78  77.78     7      9    9      0     10    10   100.00
 384    9    0  100.00 100.00     8      8    8      0      7     6    85.71
 385    8    0   85.71  85.71     6      7    7      0      8     8   100.00
 386   28    0   90.91  86.96    20     22   23      1     28    28   100.00
 387    7    0  100.00 100.00     7      7    7      0      7     6    85.71
 388   13    0   80.00  72.73     8     10   11      1     11    11   100.00
 389   13    0  100.00 100.00    11     11   11      0     13    13   100.00
 390   17    0   73.68  77.78    14     19   18      3     17    17   100.00
 391   10    0   90.00  90.00     9     10   10      0     10    10   100.00
 392   24    0   91.30  91.30    21     23   23      0     24    24   100.00
 393   11    0  100.00 100.00     7      7    7      0     11    11   100.00
 394    9    0  100.00 100.00     9      9    9      0      9     9   100.00
 395   12    0   90.00  75.00     9     10   12      0     12    11    91.67
 396    7    0  100.00 100.00     7      7    7      0      7     7   100.00
 397    9    0  100.00 100.00     8      8    8      0      9     9   100.00
 398   17    0  100.00 100.00    13     13   13      0     17    15    88.24
 399   19    0   94.44  89.47    17     18   19      0     19    19   100.00
 400    4    0  100.00 100.00     2      2    2      0      4     4   100.00
 401   22    0  100.00 100.00    16     16   16      0     22    22   100.00
 402    4    0  100.00 100.00     5      5    5      0      4     4   100.00
 403   27    0   90.00  85.71    18     20   21      1     27    26    96.30
 404    7    0  100.00 100.00     5      5    5      0      7     7   100.00
 405   41    1    0.00   0.00     0      0    0      0      0     0     0.00
 406   26    0   92.00  95.83    23     25   24      1     26    26   100.00
 407   30    0   91.67  88.00    22     24   25      0     30    29    96.67
 408   15    0   83.33  88.24    15     18   17      2     15    15   100.00
 409   26    0   67.86  73.08    19     28   26      5     26    25    96.15
 410    3    0   50.00  33.33     1      2    3      0      3     3   100.00
 411   34    0   71.43  74.07    20     28   27      7     34    32    94.12
 412   20    0   65.00  72.22    13     20   18      4     20    19    95.00
 413   15    0   69.23  75.00     9     13   12      1     15    15   100.00
 414   29    0   96.30  96.30    26     27   27      0     29    28    96.55
 415   23    0  100.00 100.00    20     20   20      0     23    22    95.65
 416   23    0   85.71  85.71    18     21   21      2     23    23   100.00
 417   21    0   76.19  76.19    16     21   21      3     21    19    90.48
 418   13    0   83.33  83.33    10     12   12      0     13    13   100.00
 419   20    0  100.00 100.00    19     19   19      0     20    20   100.00
 420   16    0   86.67  81.25    13     15   16      1     16    15    93.75
 421    2    0  100.00 100.00     2      2    2      0      2     2   100.00
 422    2    0  100.00 100.00     2      2    2      0      2     2   100.00
 423    2    0  100.00 100.00     2      2    2      0      2     2   100.00
 424   25    0   95.24  90.91    20     21   22      0     25    24    96.00
 425   21    0   94.12  94.12    16     17   17      1     21    21   100.00
 426   21    0  100.00 100.00    20     20   20      0     21    21   100.00
 427   26    0   93.33  93.33    28     30   30      0     26    25    96.15
 428    3    0   50.00  50.00     1      2    2      0      3     0     0.00
 429   41    0   81.82  81.82    27     33   33      4     41    40    97.56
 430   28    0   79.17  76.00    19     24   25      3     28    28   100.00
 431   32    0   84.85  84.85    28     33   33      4     32    30    93.75
 432   28    0  100.00 100.00    21     21   21      0     28    28   100.00
 433   10    0   87.50  87.50     7      8    8      0      8     8   100.00
 434   10    0  100.00 100.00    11     11   11      0      9     9   100.00
 435   11    0  100.00 100.00    10     10   10      0     11    11   100.00
 436   18    0  100.00 100.00    17     17   17      0     18    17    94.44
 437   12    0  100.00 100.00    15     15   15      0     12    12   100.00
 438    5    0  100.00 100.00     6      6    6      0      4     4   100.00
 439    7    0   55.56  55.56     5      9    9      0      7     7   100.00
 440    7    0   90.00  90.00     9     10   10      0      7     7   100.00
 441    8    0  100.00 100.00     7      7    7      0      8     8   100.00
 442   32    0   77.27  65.38    17     22   26      5     32    31    96.88
 443   15    0   90.91  90.91    10     11   11      0     15    15   100.00
 444   16    1    0.00   0.00     0      0    0      0      0     0     0.00
 445   30    0   89.29  89.29    25     28   28      2     30    29    96.67
 446   31    0   52.63  52.63    10     19   19      5     31    30    96.77
 447   31    0   91.30  84.00    21     23   25      0     29    27    93.10
 448   21    0   94.74  90.00    18     19   20      1     21    21   100.00
 449   15    0   88.24  88.24    15     17   17      1     15    15   100.00
 450   26    0   61.11  61.11    11     18   18      1     24    22    91.67
 451    9    0   72.73  88.89     8     11    9      0      9     8    88.89
 452    7    0  100.00 100.00     7      7    7      0      7     7   100.00
 453    7    0  100.00 100.00     8      8    8      0      7     7   100.00
 454   17    0  100.00 100.00    14     14   14      0     17    17   100.00
 455   20    0  100.00 100.00    18     18   18      0     20    19    95.00
 456   21    0   65.22  65.22    15     23   23      7     21    21   100.00
 457   16    0   50.00  50.00     7     14   14      5     16    16   100.00
 458   15    0   12.50  14.29     1      8    7      0     13    10    76.92
 459   25    0   92.31  92.31    24     26   26      1     25    25   100.00
 460   21    0   94.12  94.12    16     17   17      0     21    19    90.48
 461   42    0   62.16  69.70    23     37   33      5     42    36    85.71
 462   27    0   92.31  92.31    24     26   26      0     27    26    96.30
 463   18    0   53.85  63.64     7     13   11      1     18    18   100.00
 464    5    0  100.00 100.00     4      4    4      0      5     4    80.00
 465   19    0   83.33  76.92    10     12   13      1     19    19   100.00
 466   24    0   90.91  95.24    20     22   21      1     24    24   100.00
 467   15    0   92.86  86.67    13     14   15      1     15    15   100.00
 468   37    0   65.52  67.86    19     29   28      7     37    37   100.00
 469   28    0   96.30  92.86    26     27   28      0     28    28   100.00
 470   33    0   72.00  81.82    18     25   22      1     33    30    90.91
 471   29    0   81.48  88.00    22     27   25      1     29    29   100.00
 472   31    0   78.26  75.00    18     23   24      4     29    29   100.00
 473    4    0  100.00 100.00     2      2    2      0      4     4   100.00
 474    8    0  100.00 100.00     8      8    8      0      8     8   100.00
 475   14    0  100.00 100.00    13     13   13      0     14    14   100.00
 476   59    0   82.61  79.17    38     46   48      2     59    58    98.31
 477   57    0   80.77  82.35    42     52   51      6     55    54    98.18
 478   56    0   95.65  93.62    44     46   47      1     56    56   100.00
 479   20    0   91.67  91.67    11     12   12      0     18    17    94.44
 480   14    0   76.92  76.92    10     13   13      0     14    13    92.86
 481   28    0   73.33  64.71    11     15   17      1     28    25    89.29
 482   28    0  100.00 100.00    22     22   22      0     28    28   100.00
 483   33    0   89.66  89.66    26     29   29      1     33    33   100.00
 484   28    0   65.38  65.38    17     26   26      5     28    27    96.43
 485   34    0   80.00  82.76    24     30   29      2     34    33    97.06
 486   29    0   82.35  77.78    14     17   18      2     29    28    96.55
 487   38    0   87.88  85.29    29     33   34      2     36    36   100.00
 488   13    0   91.67  91.67    11     12   12      0     13    13   100.00
 489   18    0   71.43  62.50    10     14   16      2     18    18   100.00
 490   30    0  100.00 100.00    25     25   25      0     30    30   100.00
 491   28    0   83.87  89.66    26     31   29      0     28    27    96.43
 492    4    0  100.00 100.00     6      6    6      0      4     4   100.00
 493   29    0   48.28  43.75    14     29   32     14     29    27    93.10
 494   39    0   82.50  84.62    33     40   39      5     39    39   100.00
 495   39    0   96.88  96.88    31     32   32      0     39    39   100.00
 496   68    0   88.37  88.37    38     43   43      1     68    65    95.59
 497   89    0   90.00  91.30    63     70   69      2     89    86    96.63
 498   51    0   70.00  73.68    28     40   38      7     51    51   100.00
 499   17    0   66.67  53.33     8     12   15      3     17    17   100.00
 500   35    0  100.00 100.00    34     34   34      0     35    35   100.00
 501   42    0   83.78  88.57    31     37   35      3     42    40    95.24
 502   28    0   91.67 100.00    22     24   22      0     28    26    92.86
 503   45    0   88.89  86.96    40     45   46      2     45    43    95.56
 504   35    0   93.33  90.32    28     30   31      0     35    35   100.00
 505   31    0   90.48  90.48    19     21   21      1     31    30    96.77
 506   50    0   91.67  82.50    33     36   40      3     50    50   100.00
 507   25    0   95.00  86.36    19     20   22      0     25    24    96.00
 508   44    0   88.10  90.24    37     42   41      2     44    42    95.45
 509   37    0   97.14  94.44    34     35   36      1     37    37   100.00
 510   71    0   77.78  76.36    42     54   55      7     71    64    90.14
 511   33    0   70.83  62.96    17     24   27      4     33    30    90.91
 512    1    0  100.00 100.00     2      2    2      0      1     1   100.00
 513   12    0   66.67  60.00     6      9   10      2     10    10   100.00
 514   35    0   59.09  54.17    13     22   24      4     35    34    97.14
 515   19    0   57.14  60.00    12     21   20      6     17    17   100.00
 516   14    0  100.00 100.00    10     10   10      0     14    14   100.00
 517   14    0  100.00 100.00    12     12   12      0     14    13    92.86
 518   17    0  100.00 100.00    12     12   12      0     17    17   100.00
 519   17    0  100.00  93.75    15     15   16      0     17    17   100.00
 520   12    0   90.91  83.33    10     11   12      1     12    11    91.67
 521    6    0  100.00 100.00     6      6    6      0      6     6   100.00
 522   11    0   77.78  77.78     7      9    9      1      9     8    88.89
 523   10    0  100.00 100.00    13     13   13      0     10    10   100.00
 524    5    0   83.33 100.00     5      6    5      0      5     5   100.00
 525   19    0   68.00  68.00    17     25   25      7     18    18   100.00
 526    6    0  100.00  83.33     5      5    6      0      5     5   100.00
 527    7    0  100.00 100.00     6      6    6      0      7     6    85.71
 528   24    0   91.67  81.48    22     24   27      0     24    23    95.83
 529   18    0   60.00  60.00    12     20   20      6     18    18   100.00
 530    6    0  100.00 100.00     7      7    7      0      6     6   100.00
 531   18    0   86.67  76.47    13     15   17      2     18    17    94.44
 532   26    0   91.67  88.00    22     24   25      1     24    24   100.00
 533   19    0  100.00 100.00    12     12   12      0     17    17   100.00
 534   14    0  100.00  85.71    12     12   14      0     14    14   100.00
 535    6    0  100.00 100.00     5      5    5      0      6     6   100.00
 536    8    0   85.71  75.00     6      7    8      0      8     8   100.00
 537    8    0  100.00 100.00    11     11   11      0      8     8   100.00
 538   11    0  100.00 100.00    10     10   10      0     11    11   100.00
 539    9    0   90.00 100.00     9     10    9      0      9     9   100.00
 540    8    0  100.00 100.00     9      9    9      0      8     8   100.00
 541    8    0   80.00  80.00     4      5    5      0      6     6   100.00
 542    4    0   66.67  80.00     4      6    5      0      4     4   100.00
 543    5    0  100.00 100.00     5      5    5      0      5     5   100.00
 544    7    0  100.00 100.00     6      6    6      0      7     7   100.00
 545   12    0   91.67  84.62    11     12   13      1     10    10   100.00
 546    8    0   80.00  80.00     4      5    5      0      6     6   100.00
 547   11    0  100.00 100.00    10     10   10      0      9     9   100.00
 548    8    0   60.00  60.00     3      5    5      0      6     6   100.00
 549    9    0  100.00 100.00     9      9    9      0      8     8   100.00
 550   10    0  100.00 100.00    11     11   11      0      9     9   100.00
 551   18    0  100.00 100.00    20     20   20      0     18    18   100.00
 552    8    0  100.00 100.00     9      9    9      0      8     8   100.00
 553   18    0  100.00  88.89    16     16   18      0     18    18   100.00
 554   11    0   77.78  77.78     7      9    9      1      9     9   100.00
 555    8    0   80.00  57.14     4      5    7      0      6     6   100.00
 556   31    0   92.00  85.19    23     25   27      1     31    31   100.00
 557    8    0   60.00  60.00     3      5    5      0      6     6   100.00
 558   33    1    0.00   0.00     0      0    0      0      0     0     0.00
 559    7    0  100.00 100.00     5      5    5      0      7     7   100.00
 560    8    0   87.50  87.50     7      8    8      0      8     8   100.00
 561   34    0   80.00  80.00    24     30   30      2     34    34   100.00
 562   12    0   81.82  90.00     9     11   10      1     12    12   100.00
 563   25    0   82.76  77.42    24     29   31      2     25    24    96.00
 564   31    0   96.15  96.15    25     26   26      0     31    31   100.00
 565   23    0  100.00  96.55    28     28   29      0     23    23   100.00
 566   14    0   63.64  53.85     7     11   13      3     14    14   100.00
 567    9    0  100.00 100.00     8      8    8      0      9     9   100.00
 568   23    0   94.74  85.71    18     19   21      0     23    23   100.00
 569   19    0   86.96  83.33    20     23   24      3     19    19   100.00
 570    8    0  100.00 100.00     8      8    8      0      8     8   100.00
 571   26    0   88.00  84.62    22     25   26      1     26    26   100.00
 572   15    0   46.15  54.55     6     13   11      3     13    13   100.00
 573   23    0   88.46  85.19    23     26   27      2     23    23   100.00
 574    8    0  100.00 100.00     9      9    9      0      8     8   100.00
 575   19    0   55.56  66.67    10     18   15      4     17    17   100.00
 576    5    0  100.00 100.00     5      5    5      0      5     5   100.00
 577   14    0   85.71  80.00    12     14   15      2     14    14   100.00
 578    1    0  100.00 100.00     2      2    2      0      1     1   100.00
 579    7    0  100.00 100.00     7      7    7      0      6     6   100.00
 580    7    0  100.00 100.00     8      8    8      0      7     7   100.00
 581    5    0  100.00 100.00     5      5    5      0      5     5   100.00
 582    7    0   80.00  66.67     4      5    6      0      6     6   100.00
 583    3    0   66.67  50.00     2      3    4      0      3     3   100.00
 584    7    0  100.00 100.00     7      7    7      0      7     6    85.71
 585   17    0   66.67  88.89     8     12    9      0     17    17   100.00
 586   16    0  100.00 100.00    17     17   17      0     16    16   100.00
 587    7    0  100.00 100.00     6      6    6      0      7     7   100.00
 588    9    0  100.00 100.00     8      8    8      0      9     9   100.00
 589   14    0  100.00 100.00    11     11   11      0     14    14   100.00
 590   10    0   88.89  88.89     8      9    9      0     10    10   100.00
 591    4    0  100.00 100.00     5      5    5      0      4     4   100.00
 592   29    0   86.67  89.66    26     30   29      1     29    28    96.55
 593    8    0  100.00 100.00     9      9    9      0      8     8   100.00
 594   22    0   95.65  95.65    22     23   23      0     22    21    95.45
 595   17    0  100.00 100.00    19     19   19      0     17    17   100.00
 596   45    0   82.93  80.95    34     41   42      4     45    45   100.00
 597   19    0  100.00 100.00    17     17   17      0     19    19   100.00
 598   48    0   98.08  96.23    51     52   53      1     48    46    95.83
 599   23    0   88.24  93.75    15     17   16      0     23    22    95.65
 600    9    0  100.00 100.00    10     10   10      0      9     9   100.00
 601    9    0  100.00 100.00    10     10   10      0      9     9   100.00
 602   10    0  100.00 100.00    12     12   12      0     10    10   100.00
 603   15    0   86.67  92.86    13     15   14      0     15    15   100.00
 604   35    0   70.83  73.91    17     24   23      1     35    34    97.14
 605    4    0  100.00 100.00     4      4    4      0      4     3    75.00
 606    2    0  100.00 100.00     2      2    2      0      2     2   100.00
 607    5    0  100.00 100.00     6      6    6      0      5     5   100.00
 608   10    0   72.73  80.00     8     11   10      1     10    10   100.00
 609    6    0  100.00 100.00     6      6    6      0      6     6   100.00
 610   17    0  100.00  92.86    13     13   14      0     17    16    94.12
 611   33    0  100.00  96.97    32     32   33      0     33    32    96.97
 612    2    0  100.00 100.00     2      2    2      0      2     2   100.00
 613   28    1    0.00   0.00     0      0    0      0      0     0     0.00
 614    6    0  100.00 100.00     9      9    9      0      6     6   100.00
 615    6    0   83.33 100.00     5      6    5      0      6     6   100.00
 616   15    0  100.00 100.00    13     13   13      0     15    15   100.00
 617   17    0   65.00  72.22    13     20   18      3     17    17   100.00
 618   11    0   90.00 100.00     9     10    9      0     11    10    90.91
 619    7    0   66.67  66.67     4      6    6      1      7     6    85.71
 620   19    0  100.00 100.00    21     21   21      0     19    19   100.00
 621   37    0   88.24  90.91    30     34   33      2     37    36    97.30
 622   10    0  100.00 100.00    11     11   11      0     10    10   100.00
 623   38    0   68.42  61.90    26     38   42      8     38    38   100.00
 624   34    0   97.06 100.00    33     34   33      0     34    34   100.00
 625   25    0   82.61  82.61    19     23   23      1     25    24    96.00
 626   30    0   97.30 100.00    36     37   36      0     30    30   100.00
 627   11    0  100.00 100.00    12     12   12      0     11    11   100.00
 628   26    0   83.33  83.33    20     24   24      3     24    23    95.83
 629   13    0   83.33  66.67    10     12   15      3     13    13   100.00
 630    9    0  100.00 100.00     9      9    9      0      9     9   100.00
 631   16    0   82.35  82.35    14     17   17      3     16    15    93.75
 632   21    0   76.00  82.61    19     25   23      3     21    21   100.00
 633    7    0   80.00  80.00     4      5    5      0      5     5   100.00
 634    4    0  100.00 100.00     2      2    2      0      2     2   100.00
 635    5    0   83.33 100.00     5      6    5      0      5     5   100.00
 636   14    0  100.00 100.00    11     11   11      0     14    13    92.86
 637    8    0   60.00  50.00     3      5    6      0      6     6   100.00
 638   12    0   90.91  83.33    10     11   12      0     12    12   100.00
 639    8    0  100.00 100.00     6      6    6      0      8     8   100.00
 640    9    0   33.33  16.67     1      3    6      1      7     6    85.71
 641    7    0  100.00 100.00    11     11   11      0      7     7   100.00
 642    6    0   50.00  50.00     2      4    4      0      4     3    75.00
 643   13    0   60.00  60.00     6     10   10      1     11    10    90.91
 644    5    0  100.00 100.00     5      5    5      0      5     5   100.00
 645    8    0  100.00 100.00     8      8    8      0      8     8   100.00
 646    9    0   80.00  66.67     4      5    6      0      7     6    85.71
 647    6    0  100.00 100.00     5      5    5      0      4     4   100.00
 648   14    0   81.82  90.00     9     11   10      0     12    12   100.00
 649   10    0  100.00 100.00     8      8    8      0     10     9    90.00
 650   12    0  100.00 100.00    15     15   15      0     12    12   100.00
 651   10    0   91.67  91.67    11     12   12      0     10    10   100.00
 652   13    1    0.00   0.00     0      0    0      0      0     0     0.00
 653    7    0  100.00 100.00     6      6    6      0      7     7   100.00
 654   14    0   81.82  81.82     9     11   11      0     14    14   100.00
 655    4    0  100.00 100.00     5      5    5      0      4     4   100.00
 656    5    0   75.00  75.00     3      4    4      0      3     3   100.00
 657    7    0   75.00  85.71     6      8    7      0      7     6    85.71
 658    6    0  100.00 100.00     6      6    6      0      5     5   100.00
 659    5    0  100.00 100.00     5      5    5      0      4     3    75.00
 660    6    0  100.00 100.00     6      6    6      0      6     6   100.00
 661    7    0  100.00 100.00     8      8    8      0      7     7   100.00
 662    4    0  100.00 100.00     5      5    5      0      4     4   100.00
 663    5    0  100.00 100.00     5      5    5      0      5     5   100.00
 664   16    0  100.00 100.00    12     12   12      0     16    16   100.00
 665   13    0   66.67  66.67     6      9    9      1     13    13   100.00
 666    8    0  100.00 100.00     8      8    8      0      6     6   100.00
 667   11    0  100.00 100.00    12     12   12      0     11    11   100.00
 668   18    0   92.86 100.00    13     14   13      0     16    16   100.00
 669   10    0   57.14  80.00     4      7    5      0      8     7    87.50
 670    5    0  100.00 100.00     5      5    5      0      4     4   100.00
 671    7    0  100.00 100.00     5      5    5      0      6     6   100.00
 672    8    0  100.00 100.00     6      6    6      0      6     6   100.00
 673    4    0   50.00  33.33     1      2    3      0      3     3   100.00
 674    5    0   66.67  50.00     2      3    4      0      4     4   100.00
 675    7    0  100.00 100.00     6      6    6      0      6     6   100.00
 676    7    0  100.00 100.00     9      9    9      0      7     7   100.00
 677   17    0   57.14  66.67     8     14   12      4     16    15    93.75
 678   12    0   91.67 100.00    11     12   11      0     12    12   100.00
 679    7    0  100.00 100.00     6      6    6      0      6     6   100.00
 680   12    0   55.56  50.00     5      9   10      2     11    10    90.91
 681   18    0   63.64  58.33     7     11   12      2     15    15   100.00
 682    6    0  100.00 100.00     6      6    6      0      5     5   100.00
 683   15    0   84.62  84.62    11     13   13      1     13    13   100.00
 684   33    0   97.22  92.11    35     36   38      0     32    31    96.88
 685    6    0  100.00 100.00     5      5    5      0      6     6   100.00
 686    3    0   33.33  50.00     1      3    2      0      3     3   100.00
 687    7    0  100.00 100.00     5      5    5      0      6     6   100.00
 688    1    0  100.00 100.00     2      2    2      0      1     1   100.00
 689    3    0  100.00 100.00     3      3    3      0      3     3   100.00
 690    7    0  100.00 100.00     7      7    7      0      7     7   100.00
 691   65    0   82.98  76.47    39     47   51      6     65    64    98.46
 692    4    0  100.00 100.00     4      4    4      0      3     3   100.00
 693    2    0   50.00  33.33     1      2    3      0      2     2   100.00
 694    7    0  100.00 100.00     6      6    6      0      6     6   100.00
 695   11    0   90.00  90.00     9     10   10      0     11    11   100.00
 696   12    0   91.67  91.67    11     12   12      0     12    12   100.00
 697   22    0   94.12  94.12    16     17   17      0     22    22   100.00
 698   15    0   50.00  50.00     5     10   10      1     13    13   100.00
 699    3    0  100.00 100.00     2      2    2      0      2     2   100.00
 700    9    0  100.00 100.00     7      7    7      0      8     8   100.00
 701   18    0  100.00 100.00    15     15   15      0     18    18   100.00
 702   32    0   94.74  90.00    18     19   20      0     32    30    93.75
 703   12    0   77.78  87.50     7      9    8      0     10    10   100.00
 704   28    0   85.71  90.00    18     21   20      0     26    26   100.00
 705   29    0  100.00  95.83    23     23   24      0     29    29   100.00
 706    3    0  100.00 100.00     3      3    3      0      3     3   100.00
 707    2    0  100.00 100.00     2      2    2      0      2     2   100.00
 708   14    0   92.31  92.31    12     13   13      0     14    13    92.86
 709    8    0  100.00 100.00    10     10   10      0      8     8   100.00
 710   29    0   81.25  81.25    26     32   32      4     29    28    96.55
 711   23    0   90.00  90.00    18     20   20      0     23    23   100.00
 712    3    0   50.00  50.00     1      2    2      0      2     2   100.00
 713    2    0  100.00 100.00     2      2    2      0      2     2   100.00
 714    7    1    0.00   0.00     0      0    0      0      0     0     0.00
 715    9    0  100.00 100.00     8      8    8      0      9     8    88.89
 716    8    0  100.00 100.00    10     10   10      0      8     8   100.00
 717    5    0  100.00 100.00     5      5    5      0      5     5   100.00
 718   11    0  100.00  87.50     7      7    8      0     11    11   100.00
 719   10    0  100.00 100.00    11     11   11      0     10     9    90.00
 720   12    0   81.82  90.00     9     11   10      0     12    12   100.00
 721   12    0   75.00  75.00     9     12   12      2     12    12   100.00
 722    4    0   25.00  50.00     1      4    2      0      4     3    75.00
 723    9    0  100.00 100.00     6      6    6      0      8     8   100.00
 724    6    0  100.00 100.00     6      6    6      0      6     6   100.00
 725   11    0   88.89 100.00     8      9    8      0      9     9   100.00
 726   38    0   66.67  64.29    18     27   28      9     34    33    97.06
 727   17    0   72.22  76.47    13     18   17      4     17    17   100.00
 728   10    0   81.82 100.00     9     11    9      0      9     9   100.00
 729    6    0  100.00 100.00     4      4    4      0      6     5    83.33
 730   11    0   87.50  87.50     7      8    8      0     10    10   100.00
 731   14    0   90.91  90.91    10     11   11      0     12    12   100.00
 732    7    0   60.00  75.00     3      5    4      0      5     5   100.00
 733   18    0  100.00  93.33    14     14   15      0     17    17   100.00
 734    6    0   75.00  60.00     3      4    5      0      5     5   100.00
 735   12    0  100.00 100.00    15     15   15      0     11    11   100.00
 736   37    1    0.00   0.00     0      0    0      0      0     0     0.00
 737   14    0  100.00 100.00    11     11   11      0     12    12   100.00
 738   20    0   88.24 100.00    15     17   15      0     18    18   100.00
 739    9    0   77.78  87.50     7      9    8      0      8     8   100.00
 740   19    0  100.00 100.00    17     17   17      0     18    17    94.44
 741    3    0  100.00 100.00     4      4    4      0      3     3   100.00
 742   19    0   90.00  85.71    18     20   21      0     17    17   100.00
 743    2    0  100.00 100.00     2      2    2      0      2     2   100.00
 744   24    0  100.00  87.50    14     14   16      0     24    24   100.00
 745   11    0  100.00 100.00    10     10   10      0     11    11   100.00
 746   10    0  100.00 100.00     8      8    8      0      8     8   100.00
 747    4    0   75.00  75.00     3      4    4      0      4     3    75.00
 748    7    0   33.33  28.57     2      6    7      3      7     7   100.00
 749   18    0  100.00 100.00    18     18   18      0     18    18   100.00
 750   25    0   85.00  85.00    17     20   20      1     25    25   100.00
 751   33    0   96.77  96.77    30     31   31      0     33    33   100.00
 752   26    0   91.67  88.00    22     24   25      1     26    25    96.15
 753   13    0   84.62  84.62    11     13   13      0     12    11    91.67
 754   20    0   89.47  89.47    17     19   19      0     20    20   100.00
 755   19    0   87.50  93.33    14     16   15      1     19    18    94.74
 756   26    0   78.26  90.00    18     23   20      2     26    21    80.77
 757   23    0   85.00  85.00    17     20   20      1     23    23   100.00
 758    7    0   60.00  75.00     3      5    4      0      5     5   100.00
 759   42    0   90.24  88.10    37     41   42      2     42    41    97.62
 760    4    0  100.00  66.67     2      2    3      0      2     2   100.00
 761   11    0  100.00 100.00     9      9    9      0      9     9   100.00
 762    6    0  100.00 100.00     5      5    5      0      5     5   100.00
 763    6    0   40.00  40.00     2      5    5      1      6     5    83.33
 764   10    0  100.00 100.00     9      9    9      0      9     9   100.00
 765   10    0  100.00 100.00     9      9    9      0     10    10   100.00
 766   11    0   90.00 100.00     9     10    9      0      9     9   100.00
 767    4    0   50.00  50.00     1      2    2      0      2     2   100.00
 768   12    0  100.00 100.00     9      9    9      0     10    10   100.00
 769    4    0   50.00  50.00     1      2    2      0      2     2   100.00
 770    8    0   83.33  71.43     5      6    7      0      6     6   100.00
 771    3    0  100.00 100.00     4      4    4      0      3     3   100.00
 772   20    0   96.15  96.15    25     26   26      0     20    20   100.00
 773   23    0  100.00  95.00    19     19   20      0     21    21   100.00
 774   29    0   92.59  89.29    25     27   28      0     29    28    96.55
 775   17    0   93.75  88.24    15     16   17      0     17    17   100.00
 776   46    0   88.10  97.37    37     42   38      0     46    46   100.00
 777   18    0   93.33  87.50    14     15   16      0     18    18   100.00
 778   31    0  100.00 100.00    27     27   27      0     29    29   100.00
 779    4    0  100.00 100.00     5      5    5      0      4     3    75.00
 780   13    0   91.67  91.67    11     12   12      0     13    13   100.00
 781   29    0   88.00  91.67    22     25   24      2     29    29   100.00
 782   18    0  100.00 100.00    21     21   21      0     18    18   100.00
 783   10    0   75.00  75.00     6      8    8      0      8     8   100.00
 784   20    0  100.00 100.00    15     15   15      0     20    19    95.00
 785   10    0  100.00 100.00     8      8    8      0     10    10   100.00
 786   11    0  100.00 100.00     7      7    7      0     11    11   100.00
 787   14    0  100.00 100.00    12     12   12      0     12    11    91.67
 788   18    0   62.50  66.67    10     16   15      0     16    16   100.00
 789   10    0   85.71  85.71     6      7    7      0      8     8   100.00
 790   10    0   77.78  77.78     7      9    9      0      8     8   100.00
 791   10    0  100.00 100.00    12     12   12      0     10    10   100.00
 792   10    0  100.00  91.67    11     11   12      0     10    10   100.00
 793   13    0  100.00 100.00    13     13   13      0     13    13   100.00
 794   16    0  100.00 100.00    12     12   12      0     16    16   100.00
 795   14    0   92.86  92.86    13     14   14      0     12    12   100.00
 796   16    1    0.00   0.00     0      0    0      0      0     0     0.00
 797   11    0   44.44  57.14     4      9    7      1      9     9   100.00
 798   12    0  100.00 100.00     9      9    9      0     10    10   100.00
 799    8    0  100.00 100.00     5      5    5      0      6     6   100.00
 800    6    0  100.00 100.00     6      6    6      0      6     6   100.00
 801    7    0  100.00 100.00     6      6    6      0      7     7   100.00
 802   11    0   66.67  66.67     6      9    9      0      9     9   100.00
 803   10    0  100.00  90.91    10     10   11      0      8     8   100.00
 804    6    1    0.00   0.00     0      0    0      0      0     0     0.00
 805    8    0  100.00 100.00    10     10   10      0      7     7   100.00
 806    4    0  100.00 100.00     4      4    4      0      4     4   100.00
 807    6    0  100.00 100.00     5      5    5      0      6     5    83.33
 808    9    0  100.00 100.00     7      7    7      0      9     9   100.00
 809   15    0  100.00 100.00    14     14   14      0     15    15   100.00
 810   12    0   58.33  53.85     7     12   13      5     10    10   100.00
 811   11    0   71.43  71.43     5      7    7      0      9     9   100.00
 812   19    0   87.50  77.78    14     16   18      1     19    18    94.74
 813   10    0   87.50  77.78     7      8    9      0      8     8   100.00
 814   12    0   62.50  71.43     5      8    7      0     10    10   100.00
 815    8    0   87.50 100.00     7      8    7      0      8     8   100.00
 816   12    0   75.00  75.00     6      8    8      0     10    10   100.00
 817    7    0  100.00 100.00     5      5    5      0      6     6   100.00
 818    9    0   90.00  81.82     9     10   11      0      9     8    88.89
 819   17    0   89.47 100.00    17     19   17      0     17    17   100.00
 820    8    0  100.00 100.00     8      8    8      0      7     7   100.00
 821   10    0   87.50  87.50     7      8    8      0      8     8   100.00
 822    3    0   50.00  50.00     1      2    2      0      2     2   100.00
 823    4    0  100.00 100.00     5      5    5      0      4     4   100.00
 824   14    0  100.00 100.00    13     13   13      0     13    13   100.00
 825    6    0  100.00 100.00     6      6    6      0      6     6   100.00
 826   19    0   77.78  77.78    14     18   18      2     18    18   100.00
 827   15    0  100.00 100.00    18     18   18      0     14    14   100.00
 828   15    0   50.00  54.55     6     12   11      2     13    13   100.00
 829    7    0   57.14  80.00     4      7    5      0      6     6   100.00
 830   13    0   78.57  78.57    11     14   14      2     12    12   100.00
 831    8    0   71.43  83.33     5      7    6      0      6     6   100.00
 832    5    0  100.00 100.00     6      6    6      0      5     5   100.00
 833   15    0   84.62  84.62    11     13   13      0     13    13   100.00
 834   14    0   50.00  42.11     8     16   19      7     12    11    91.67
 835   14    0  100.00 100.00    13     13   13      0     14    14   100.00
 836    7    0   60.00  60.00     3      5    5      0      5     5   100.00
 837   14    0   84.62  78.57    11     13   14      0     12    12   100.00
 838   17    0   80.00  80.00    12     15   15      2     15    15   100.00
 839   13    0  100.00 100.00    10     10   10      0     11    11   100.00
 840    3    0   50.00  33.33     1      2    3      0      2     2   100.00
 841   16    0  100.00 100.00    16     16   16      0     16    15    93.75
 842    7    0  100.00 100.00     6      6    6      0      6     6   100.00
 843    7    0   75.00  75.00     3      4    4      0      5     5   100.00
 844   15    0   72.73  66.67     8     11   12      0     13    13   100.00
 845    8    0   83.33  71.43     5      6    7      0      6     6   100.00
 846   11    0  100.00  90.00     9      9   10      0     10    10   100.00
 847    7    0  100.00 100.00     9      9    9      0      7     7   100.00
 848    6    0   75.00  60.00     3      4    5      0      5     5   100.00
 849   10    0   85.71  85.71     6      7    7      0      8     8   100.00
 850    5    0   33.33  25.00     1      3    4      0      3     3   100.00
 851   10    0   40.00  44.44     4     10    9      2      8     7    87.50
 852   10    0   75.00  75.00     6      8    8      0      8     8   100.00
 853   12    0   80.00  66.67     8     10   12      1     10    10   100.00
 854    8    0  100.00 100.00    10     10   10      0      7     7   100.00
 855   10    0   50.00  50.00     5     10   10      4      9     9   100.00
 856   15    0   73.33  73.33    11     15   15      2     14    14   100.00
 857    9    0   50.00  42.86     3      6    7      2      8     8   100.00
 858   10    0   71.43  62.50     5      7    8      0      8     8   100.00
 859    7    0   60.00  60.00     3      5    5      0      5     4    80.00
 860   28    0   54.55  48.00    12     22   25      9     26    26   100.00
 861    5    0  100.00 100.00     5      5    5      0      4     4   100.00
 862    3    0  100.00 100.00     2      2    2      0      3     3   100.00
 863   11    0  100.00 100.00    11     11   11      0     11    11   100.00
 864    5    0   60.00  60.00     3      5    5      0      5     5   100.00
 865    5    0  100.00 100.00     4      4    4      0      4     4   100.00
 866   15    0   42.86  42.86     6     14   14      6     13    13   100.00
 867   17    0   87.50  87.50    14     16   16      0     15    15   100.00
 868   13    0   90.91  90.91    10     11   11      0     13    13   100.00
 869   11    0  100.00 100.00     8      8    8      0     11    11   100.00
 870    2    0  100.00 100.00     2      2    2      0      2     2   100.00
 871   13    0   66.67  76.92    10     15   13      0     13    13   100.00
 872   41    0   88.10  84.09    37     42   44      4     41    40    97.56
 873   10    0   77.78  87.50     7      9    8      0     10    10   100.00
 874   25    0  100.00  91.67    22     22   24      0     25    25   100.00
 875    4    0  100.00 100.00     5      5    5      0      4     4   100.00
 876    2    0  100.00 100.00     2      2    2      0      2     0     0.00
 877    7    0  100.00 100.00     8      8    8      0      7     7   100.00
 878   27    0   95.83 100.00    23     24   23      0     27    27   100.00
 879   24    0  100.00 100.00    23     23   23      0     24    23    95.83
 880   46    0   86.49  88.89    32     37   36      0     46    46   100.00
 881   29    0   88.89  82.76    24     27   29      1     29    28    96.55
 882   16    0  100.00 100.00    13     13   13      0     16    16   100.00
 883   13    0  100.00  90.91    10     10   11      0     11    11   100.00
 884    7    0   83.33  71.43     5      6    7      0      6     6   100.00
 885   20    0  100.00 100.00    20     20   20      0     19    19   100.00
 886   25    0   83.33  88.24    15     18   17      0     25    25   100.00
 887   16    0   50.00  50.00     6     12   12      1     16    16   100.00
 888   23    0   76.00  76.00    19     25   25      1     23    19    82.61
 889   13    0   92.86  92.86    13     14   14      0     13    11    84.62
 890   43    0   79.41  75.00    27     34   36      5     43    40    93.02
 891   15    0   83.33  90.91    10     12   11      0     15    15   100.00
 892   24    0   83.33  83.33    20     24   24      1     24    24   100.00
 893   37    0   58.62  65.38    17     29   26      7     37    37   100.00
 894   12    0   91.67  91.67    11     12   12      0     12    12   100.00
 895    7    0   77.78  87.50     7      9    8      0      7     7   100.00
 896   58    0   78.95  77.59    45     57   58      8     58    56    96.55
 897   26    0   80.77  77.78    21     26   27      4     26    26   100.00
 898   26    0   86.67  81.25    26     30   32      3     26    26   100.00
 899   32    0   90.91  95.24    20     22   21      0     32    31    96.88
 900    5    0   80.00  80.00     4      5    5      0      5     5   100.00
 901    7    0  100.00 100.00     6      6    6      0      7     7   100.00
 902   28    0   92.86  86.67    26     28   30      0     28    27    96.43
 903    5    0  100.00 100.00     5      5    5      0      5     5   100.00
 904   38    0   96.67  96.67    29     30   30      0     38    35    92.11
 905   14    0   58.82  62.50    10     17   16      5     14    13    92.86
 906   12    0  100.00 100.00    11     11   11      0     12    12   100.00
 907   19    0  100.00  90.48    19     19   21      0     19    19   100.00
 908   26    0   91.30  91.30    21     23   23      1     26    24    92.31
 909   17    0  100.00 100.00    17     17   17      0     17    17   100.00
 910   30    0   84.00  84.00    21     25   25      2     30    30   100.00
 911   28    0   56.52  54.17    13     23   24      7     28    28   100.00
 912   14    0   77.78  87.50     7      9    8      0     14    13    92.86
 913   33    0  100.00 100.00    25     25   25      0     33    30    90.91
 914   17    0   93.33  93.33    14     15   15      0     17    17   100.00
 915   10    0  100.00 100.00     8      8    8      0     10    10   100.00
 916   35    0   82.76  85.71    24     29   28      3     35    35   100.00
 917   22    0   96.00 100.00    24     25   24      0     22    21    95.45
 918   24    0   86.96  95.24    20     23   21      0     24    24   100.00
 919   41    0   81.82  84.38    27     33   32      1     41    39    95.12
 920   13    0  100.00 100.00    13     13   13      0     13    13   100.00
 921    5    0  100.00 100.00     5      5    5      0      5     5   100.00
 922   24    0   87.50  91.30    21     24   23      1     24    23    95.83
 923    3    0  100.00 100.00     2      2    2      0      3     2    66.67
 924   17    0   93.75  83.33    15     16   18      0     16    16   100.00
 925   20    0   85.71  92.31    12     14   13      0     20    20   100.00
 926   42    0   81.82  81.82    36     44   44      4     42    42   100.00
 927   22    0   29.17  41.18     7     24   17      4     22    21    95.45
 928   52    0   91.49  87.76    43     47   49      3     52    52   100.00
 929   16    0  100.00 100.00    14     14   14      0     15    15   100.00
 930   43    0   82.35  82.35    28     34   34      3     43    41    95.35
 931    8    0   87.50  87.50     7      8    8      0      8     8   100.00
 932   31    0   85.19  82.14    23     27   28      2     31    31   100.00
 933   26    0   90.00  90.00    18     20   20      0     26    25    96.15
 934   39    0   51.43  43.90    18     35   41     15     39    39   100.00
 935    8    0  100.00 100.00     8      8    8      0      8     8   100.00
 936   20    0  100.00 100.00    17     17   17      0     20    20   100.00
 937   41    0   67.86  67.86    19     28   28      1     41    41   100.00
 938   24    0   88.89  88.89    16     18   18      0     24    24   100.00
 939   21    0   76.47  76.47    13     17   17      3     21    20    95.24
 940   25    0   70.00  70.00    14     20   20      3     25    25   100.00
 941   18    0   93.33 100.00    14     15   14      0     18    17    94.44
 942   27    0   83.33  75.00    15     18   20      0     27    24    88.89
 943   14    0   81.82  75.00     9     11   12      0     14    13    92.86
 944   15    0  100.00 100.00    12     12   12      0     14    14   100.00
 945    7    0  100.00 100.00     6      6    6      0      7     7   100.00
 946   22    0   60.00  56.25     9     15   16      1     22    21    95.45
 947   40    0   80.65  83.33    25     31   30      1     40    39    97.50
 948   40    0   94.44  91.89    34     36   37      0     40    38    95.00
 949   29    0   76.67  79.31    23     30   29      5     29    29   100.00
 950   10    0  100.00 100.00     7      7    7      0      9     9   100.00
 951   22    0   93.33  93.33    14     15   15      0     22    21    95.45
 952   17    0   73.33  68.75    11     15   16      3     17    17   100.00
 953   25    0   92.86  76.47    13     14   17      0     25    25   100.00
 954   22    0   75.00  78.95    15     20   19      3     22    22   100.00
 955   20    0  100.00 100.00    20     20   20      0     20    20   100.00
 956   27    0   81.48  81.48    22     27   27      3     27    26    96.30
 957   41    0   85.71  88.89    24     28   27      1     40    40   100.00
 958   20    0   89.47 100.00    17     19   17      0     20    20   100.00
 959   29    0   96.67  96.67    29     30   30      0     29    29   100.00
 960   14    0  100.00 100.00    12     12   12      0     14    14   100.00
 961   53    0   75.00  79.41    27     36   34      5     53    50    94.34
 962   20    0   80.00  80.00    12     15   15      0     20    20   100.00
 963   17    0  100.00 100.00    15     15   15      0     17    15    88.24
 964    5    0   83.33  62.50     5      6    8      0      5     3    60.00
 965   17    0  100.00 100.00    14     14   14      0     17    17   100.00
 966   10    0  100.00 100.00     9      9    9      0     10    10   100.00
 967    7    0  100.00 100.00     7      7    7      0      7     7   100.00
 968   10    0   91.67  91.67    11     12   12      0     10     9    90.00
 969   22    0  100.00 100.00    23     23   23      0     22    22   100.00
 970    9    0  100.00 100.00    10     10   10      0      9     9   100.00
 971   10    0  100.00 100.00     7      7    7      0     10    10   100.00
 972    7    0  100.00 100.00     7      7    7      0      7     7   100.00
 973   13    0   90.91  83.33    10     11   12      0     11    11   100.00
 974    3    0  100.00 100.00     4      4    4      0      3     3   100.00
 975    9    0   75.00  66.67     6      8    9      0      7     7   100.00
 976   13    0  100.00 100.00    14     14   14      0     13    13   100.00
 977   12    0   92.86  92.86    13     14   14      0     10    10   100.00
 978    8    0  100.00 100.00    10     10   10      0      8     8   100.00
 979   11    0   80.00  80.00     8     10   10      0      9     9   100.00
 980   23    0   96.30  96.30    26     27   27      0     23    23   100.00
 981   12    0  100.00 100.00    10     10   10      0     10    10   100.00
 982    4    0  100.00  66.67     2      2    3      0      2     2   100.00
 983   13    0   88.89  88.89     8      9    9      0     11    11   100.00
 984    7    0  100.00  83.33     5      5    6      0      5     5   100.00
 985    7    0   60.00  75.00     3      5    4      0      5     5   100.00
 986   12    0   93.75  93.75    15     16   16      0     11    11   100.00
 987    7    0  100.00 100.00     5      5    5      0      6     6   100.00
 988   10    0  100.00 100.00    12     12   12      0     10    10   100.00
 989   10    0   90.91  90.91    10     11   11      0     10    10   100.00
 990   24    0   95.00 100.00    19     20   19      0     22    22   100.00
 991   22    0  100.00 100.00    24     24   24      0     22    22   100.00
 992   11    0   72.73  72.73     8     11   11      2     11    11   100.00
 993    9    0   76.92  90.91    10     13   11      0      9     9   100.00
 994   16    1    0.00   0.00     0      0    0      0      0     0     0.00
 995   10    0   71.43  83.33     5      7    6      0      8     8   100.00
 996   11    0  100.00 100.00    10     10   10      0      9     9   100.00
 997    6    0  100.00 100.00     5      5    5      0      6     6   100.00
 998   11    0   87.50  77.78     7      8    9      0      9     9   100.00
 999   13    0  100.00 100.00    12     12   12      0     13    13   100.00
1000    7    0   80.00  80.00     4      5    5      0      5     5   100.00
1001    6    0  100.00 100.00     5      5    5      0      5     5   100.00
1002    8    0  100.00 100.00    11     11   11      0      8     8   100.00
1003   19    0  100.00  95.24    20     20   21      0     19    19   100.00
1004    7    0  100.00 100.00    10     10   10      0      7     7   100.00
1005    7    0  100.00 100.00     7      7    7      0      6     6   100.00
1006   15    0  100.00 100.00    14     14   14      0     13    13   100.00
1007   11    0  100.00 100.00     8      8    8      0     10    10   100.00
1008    7    0  100.00 100.00     5      5    5      0      6     5    83.33
1009   12    0  100.00 100.00    12     12   12      0     12    12   100.00
1010   11    0  100.00 100.00    11     11   11      0     11    11   100.00
1011    5    0  100.00  85.71     6      6    7      0      5     5   100.00
1012   11    0  100.00 100.00    13     13   13      0     11    11   100.00
1013   11    0   88.89  80.00     8      9   10      0      9     9   100.00
1014    7    0   60.00  75.00     3      5    4      0      5     5   100.00
1015   19    0   72.22  76.47    13     18   17      2     18    18   100.00
1016    7    0  100.00 100.00     8      8    8      0      6     6   100.00
1017   14    0   77.78  82.35    14     18   17      3     14    14   100.00
1018    6    0  100.00 100.00     7      7    7      0      6     6   100.00
1019    5    0  100.00 100.00     7      7    7      0      5     5   100.00
1020   15    0   73.33  64.71    11     15   17      1     15    15   100.00
1021    4    0   80.00 100.00     4      5    4      0      4     4   100.00
1022   12    0  100.00 100.00    16     16   16      0     12    12   100.00
1023   15    0   94.44  94.44    17     18   18      0     15    14    93.33
1024   46    0   64.44  64.44    29     45   45     12     46    44    95.65
1025    6    0  100.00  66.67     2      2    3      0      6     6   100.00
1026    8    0  100.00 100.00    10     10   10      0      8     8   100.00
1027   22    0   79.17  82.61    19     24   23      2     22    22   100.00
1028    6    0  100.00 100.00     5      5    5      0      6     6   100.00
1029   20    0   86.67  81.25    13     15   16      2     20    18    90.00
1030    7    0   50.00  75.00     3      6    4      1      7     7   100.00
1031    1    0  100.00 100.00     2      2    2      0      1     1   100.00
1032    1    0  100.00 100.00     2      2    2      0      1     0     0.00
1033   20    0  100.00 100.00    21     21   21      0     20    20   100.00
1034   33    0   80.56  82.86    29     36   35      2     33    33   100.00
1035   18    0  100.00 100.00    16     16   16      0     18    18   100.00
1036   23    0   94.44  89.47    17     18   19      0     23    23   100.00
1037   16    0   85.71  85.71    12     14   14      0     16    16   100.00
1038   45    0   86.05  92.50    37     43   40      2     45    45   100.00
1039   24    0   62.50  62.50    15     24   24      5     24    24   100.00
1040   23    0  100.00  83.33    15     15   18      0     23    19    82.61
1041   12    0   92.31  92.31    12     13   13      0     12    11    91.67
1042    3    0  100.00 100.00     2      2    2      0      3     3   100.00
1043   16    0  100.00 100.00    14     14   14      0     16    16   100.00
1044   32    0  100.00  96.88    31     31   32      0     32    32   100.00
1045   31    0   80.00  83.33    20     25   24      2     31    31   100.00
1046   61    0   84.13  84.13    53     63   63      7     61    57    93.44
1047   10    0   81.82  81.82     9     11   11      0     10    10   100.00
1048   11    0   91.67 100.00    11     12   11      0     11    10    90.91
1049   17    0  100.00 100.00    15     15   15      0     17    16    94.12
1050   18    0   77.78  77.78    14     18   18      2     18    18   100.00
1051   21    0   81.82  69.23     9     11   13      1     21    20    95.24
1052   15    0   63.64  50.00     7     11   14      2     15    15   100.00
1053   21    0   82.35  73.68    14     17   19      3     21    21   100.00
1054   28    0   82.61  82.61    19     23   23      1     28    27    96.43
1055    3    0  100.00 100.00     2      2    2      0      3     3   100.00
1056   40    0   91.43  91.43    32     35   35      2     40    38    95.00
1057   38    0   84.62  82.50    33     39   40      5     36    35    97.22
1058   12    0  100.00 100.00    11     11   11      0     12    12   100.00
1059   24    0   78.57  78.57    22     28   28      4     24    24   100.00
1060   39    0   95.35  91.11    41     43   45      0     39    38    97.44
1061   24    0  100.00 100.00    26     26   26      0     24    24   100.00
1062    4    0  100.00 100.00     2      2    2      0      4     4   100.00
1063   27    0   96.43  96.43    27     28   28      0     27    26    96.30
1064   19    0  100.00 100.00    16     16   16      0     19    19   100.00
1065   26    0   77.78  77.78    21     27   27      6     26    26   100.00
1066   28    0   96.55  96.55    28     29   29      0     28    28   100.00
1067   30    0   66.67  71.43    20     30   28      5     30    28    93.33
1068   20    0   95.24  90.91    20     21   22      0     20    20   100.00
1069    4    0  100.00 100.00     4      4    4      0      4     4   100.00
1070    4    0  100.00 100.00     3      3    3      0      4     4   100.00
============================================================================
                 87.28  86.60  13457 15419 15540    858  16799 16447    97.90
=== Summary ===

-- All --
Number of sentence        =   1070
Number of Error sentence  =     11
Number of Skip  sentence  =      0
Number of Valid sentence  =   1059
Bracketing Recall         =  87.28
Bracketing Precision      =  86.60
Bracketing FMeasure       =  86.93
Complete match            =  38.34
Average crossing          =   0.81
No crossing               =  72.43
2 or less crossing        =  88.48
Tagging accuracy          =  97.90

-- len<=40 --
Number of sentence        =   1020
Number of Error sentence  =     10
Number of Skip  sentence  =      0
Number of Valid sentence  =   1010
Bracketing Recall         =  87.72
Bracketing Precision      =  86.96
Bracketing FMeasure       =  87.34
Complete match            =  40.20
Average crossing          =   0.68
No crossing               =  75.25
2 or less crossing        =  90.50
Tagging accuracy          =  98.02
